"compliance-level-2/0001-input-data-string","0001-input-data-string-test-01","001","SUCCESS",""
"compliance-level-2/0002-input-data-number","0002-input-data-number-test-01","001","SUCCESS",""
"compliance-level-2/0003-input-data-string-allowed-values","0003-input-data-string-allowed-values-test-01","001","SUCCESS",""
"compliance-level-2/0004-simpletable-U","0004-simpletable-U-test-01","001","SUCCESS",""
"compliance-level-2/0004-simpletable-U","0004-simpletable-U-test-01","002","SUCCESS",""
"compliance-level-2/0004-simpletable-U","0004-simpletable-U-test-01","003","SUCCESS",""
"compliance-level-2/0005-simpletable-A","0005-simpletable-A-test-01","001","SUCCESS",""
"compliance-level-2/0005-simpletable-A","0005-simpletable-A-test-01","002","SUCCESS",""
"compliance-level-2/0005-simpletable-A","0005-simpletable-A-test-01","003","SUCCESS",""
"compliance-level-2/0006-simpletable-P1","0006-simpletable-P1-test-01","001","IGNORED",""
"compliance-level-2/0006-simpletable-P1","0006-simpletable-P1-test-01","002","IGNORED",""
"compliance-level-2/0006-simpletable-P1","0006-simpletable-P1-test-01","003","IGNORED",""
"compliance-level-2/0007-simpletable-P2","0007-simpletable-P2-test-01","001","IGNORED",""
"compliance-level-2/0007-simpletable-P2","0007-simpletable-P2-test-01","002","IGNORED",""
"compliance-level-2/0007-simpletable-P2","0007-simpletable-P2-test-01","003","IGNORED",""
"compliance-level-2/0008-LX-arithmetic","0008-LX-arithmetic-test-01","001","SUCCESS",""
"compliance-level-2/0008-LX-arithmetic","0008-LX-arithmetic-test-01","002","SUCCESS",""
"compliance-level-2/0008-LX-arithmetic","0008-LX-arithmetic-test-01","003","SUCCESS",""
"compliance-level-2/0009-invocation-arithmetic","0009-invocation-arithmetic-test-01","001","IGNORED",""
"compliance-level-2/0009-invocation-arithmetic","0009-invocation-arithmetic-test-01","002","IGNORED",""
"compliance-level-2/0009-invocation-arithmetic","0009-invocation-arithmetic-test-01","003","IGNORED",""
"compliance-level-2/0010-multi-output-U","0010-multi-output-U-test-01","001","SUCCESS",""
"compliance-level-2/0010-multi-output-U","0010-multi-output-U-test-01","002","SUCCESS",""
"compliance-level-2/0010-multi-output-U","0010-multi-output-U-test-01","003","SUCCESS",""
"compliance-level-2/0100-feel-constants","0100-feel-constants-test-01","001","SUCCESS",""
"compliance-level-2/0101-feel-constants","0101-feel-constants-test-01","001","SUCCESS",""
"compliance-level-2/0101-feel-constants","0101-feel-constants-test-01","002","SUCCESS",""
"compliance-level-2/0101-feel-constants","0101-feel-constants-test-01","004","SUCCESS",""
"compliance-level-2/0101-feel-constants","0101-feel-constants-test-01","005","SUCCESS",""
"compliance-level-2/0101-feel-constants","0101-feel-constants-test-01","007","SUCCESS",""
"compliance-level-2/0101-feel-constants","0101-feel-constants-test-01","008","SUCCESS",""
"compliance-level-2/0102-feel-constants","0102-feel-constants-test-01","001","SUCCESS",""
"compliance-level-2/0102-feel-constants","0102-feel-constants-test-01","002","SUCCESS",""
"compliance-level-2/0102-feel-constants","0102-feel-constants-test-01","003","SUCCESS",""
"compliance-level-2/0102-feel-constants","0102-feel-constants-test-01","004","SUCCESS",""
"compliance-level-2/0105-feel-math","0105-feel-math-test-01","001","SUCCESS",""
"compliance-level-2/0105-feel-math","0105-feel-math-test-01","002","SUCCESS",""
"compliance-level-2/0105-feel-math","0105-feel-math-test-01","003","SUCCESS",""
"compliance-level-2/0105-feel-math","0105-feel-math-test-01","004","SUCCESS",""
"compliance-level-2/0105-feel-math","0105-feel-math-test-01","005","SUCCESS",""
"compliance-level-2/0105-feel-math","0105-feel-math-test-01","006","SUCCESS",""
"compliance-level-2/0105-feel-math","0105-feel-math-test-01","007","SUCCESS",""
"compliance-level-2/0105-feel-math","0105-feel-math-test-01","008","SUCCESS",""
"compliance-level-2/0105-feel-math","0105-feel-math-test-01","009","SUCCESS",""
"compliance-level-2/0105-feel-math","0105-feel-math-test-01","010","SUCCESS",""
"compliance-level-2/0105-feel-math","0105-feel-math-test-01","011","SUCCESS",""
"compliance-level-2/0105-feel-math","0105-feel-math-test-01","012","SUCCESS",""
"compliance-level-2/0105-feel-math","0105-feel-math-test-01","013","SUCCESS",""
"compliance-level-2/0105-feel-math","0105-feel-math-test-01","014","SUCCESS",""
"compliance-level-2/0105-feel-math","0105-feel-math-test-01","015","SUCCESS",""
"compliance-level-2/0105-feel-math","0105-feel-math-test-01","016","SUCCESS",""
"compliance-level-2/0105-feel-math","0105-feel-math-test-01","017","SUCCESS",""
"compliance-level-2/0105-feel-math","0105-feel-math-test-01","018","SUCCESS",""
"compliance-level-2/0105-feel-math","0105-feel-math-test-01","019","SUCCESS",""
"compliance-level-2/0105-feel-math","0105-feel-math-test-01","020","SUCCESS",""
"compliance-level-2/0105-feel-math","0105-feel-math-test-01","021","SUCCESS",""
"compliance-level-2/0105-feel-math","0105-feel-math-test-01","022","SUCCESS",""
"compliance-level-2/0105-feel-math","0105-feel-math-test-01","023","SUCCESS",""
"compliance-level-2/0105-feel-math","0105-feel-math-test-01","024","SUCCESS",""
"compliance-level-2/0105-feel-math","0105-feel-math-test-01","025","SUCCESS",""
"compliance-level-2/0105-feel-math","0105-feel-math-test-01","026","SUCCESS",""
"compliance-level-2/0105-feel-math","0105-feel-math-test-01","027","SUCCESS",""
"compliance-level-2/0105-feel-math","0105-feel-math-test-01","028","SUCCESS",""
"compliance-level-2/0105-feel-math","0105-feel-math-test-01","029","SUCCESS",""
"compliance-level-2/0105-feel-math","0105-feel-math-test-01","030","SUCCESS",""
"compliance-level-2/0105-feel-math","0105-feel-math-test-01","031","SUCCESS",""
"compliance-level-2/0105-feel-math","0105-feel-math-test-01","032","SUCCESS",""
"compliance-level-2/0105-feel-math","0105-feel-math-test-01","033","SUCCESS",""
"compliance-level-2/0106-feel-ternary-logic","0106-feel-ternary-logic-test-01","001","SUCCESS",""
"compliance-level-2/0106-feel-ternary-logic","0106-feel-ternary-logic-test-01","002","SUCCESS",""
"compliance-level-2/0106-feel-ternary-logic","0106-feel-ternary-logic-test-01","003","SUCCESS",""
"compliance-level-2/0106-feel-ternary-logic","0106-feel-ternary-logic-test-01","004","SUCCESS",""
"compliance-level-2/0106-feel-ternary-logic","0106-feel-ternary-logic-test-01","005","SUCCESS",""
"compliance-level-2/0106-feel-ternary-logic","0106-feel-ternary-logic-test-01","006","SUCCESS",""
"compliance-level-2/0106-feel-ternary-logic","0106-feel-ternary-logic-test-01","007","SUCCESS",""
"compliance-level-2/0106-feel-ternary-logic","0106-feel-ternary-logic-test-01","008","SUCCESS",""
"compliance-level-2/0106-feel-ternary-logic","0106-feel-ternary-logic-test-01","009","SUCCESS",""
"compliance-level-2/0107-feel-ternary-logic-not","0107-feel-ternary-logic-not-test-01","001","SUCCESS",""
"compliance-level-2/0107-feel-ternary-logic-not","0107-feel-ternary-logic-not-test-01","002","SUCCESS",""
"compliance-level-2/0107-feel-ternary-logic-not","0107-feel-ternary-logic-not-test-01","003","SUCCESS",""
"compliance-level-2/0108-first-hitpolicy","0108-first-hitpolicy-test-01","001","SUCCESS",""
"compliance-level-2/0108-first-hitpolicy","0108-first-hitpolicy-test-01","002","SUCCESS",""
"compliance-level-2/0108-first-hitpolicy","0108-first-hitpolicy-test-01","003","SUCCESS",""
"compliance-level-2/0109-ruleOrder-hitpolicy","0109-ruleOrder-hitpolicy-test-01","001","IGNORED",""
"compliance-level-2/0109-ruleOrder-hitpolicy","0109-ruleOrder-hitpolicy-test-01","002","IGNORED",""
"compliance-level-2/0109-ruleOrder-hitpolicy","0109-ruleOrder-hitpolicy-test-01","003","IGNORED",""
"compliance-level-2/0110-outputOrder-hitpolicy","0110-outputOrder-hitpolicy-test-01","001","IGNORED",""
"compliance-level-2/0110-outputOrder-hitpolicy","0110-outputOrder-hitpolicy-test-01","002","IGNORED",""
"compliance-level-2/0110-outputOrder-hitpolicy","0110-outputOrder-hitpolicy-test-01","003","IGNORED",""
"compliance-level-2/0111-first-hitpolicy-singleoutputcol","0111-first-hitpolicy-singleoutputcol-test-01","001","SUCCESS",""
"compliance-level-2/0111-first-hitpolicy-singleoutputcol","0111-first-hitpolicy-singleoutputcol-test-01","002","SUCCESS",""
"compliance-level-2/0111-first-hitpolicy-singleoutputcol","0111-first-hitpolicy-singleoutputcol-test-01","003","SUCCESS",""
"compliance-level-2/0112-ruleOrder-hitpolicy-singleinoutcol","0112-ruleOrder-hitpolicy-singleinoutcol-test-01","001","SUCCESS",""
"compliance-level-2/0112-ruleOrder-hitpolicy-singleinoutcol","0112-ruleOrder-hitpolicy-singleinoutcol-test-01","002","IGNORED",""
"compliance-level-2/0112-ruleOrder-hitpolicy-singleinoutcol","0112-ruleOrder-hitpolicy-singleinoutcol-test-01","003","IGNORED",""
"compliance-level-2/0113-outputOrder-hitpolicy-singleinoutcol","0113-outputOrder-hitpolicy-singleinoutcol-test-01","001","IGNORED",""
"compliance-level-2/0113-outputOrder-hitpolicy-singleinoutcol","0113-outputOrder-hitpolicy-singleinoutcol-test-01","002","IGNORED",""
"compliance-level-2/0113-outputOrder-hitpolicy-singleinoutcol","0113-outputOrder-hitpolicy-singleinoutcol-test-01","003","IGNORED",""
"compliance-level-2/0114-min-collect-hitpolicy","0114-min-collect-hitpolicy-test-01","001","SUCCESS",""
"compliance-level-2/0114-min-collect-hitpolicy","0114-min-collect-hitpolicy-test-01","002","SUCCESS",""
"compliance-level-2/0114-min-collect-hitpolicy","0114-min-collect-hitpolicy-test-01","003","SUCCESS",""
"compliance-level-2/0115-sum-collect-hitpolicy","0115-sum-collect-hitpolicy-test-01","001","SUCCESS",""
"compliance-level-2/0115-sum-collect-hitpolicy","0115-sum-collect-hitpolicy-test-01","002","SUCCESS",""
"compliance-level-2/0115-sum-collect-hitpolicy","0115-sum-collect-hitpolicy-test-01","003","SUCCESS",""
"compliance-level-2/0116-count-collect-hitpolicy","0116-count-collect-hitpolicy-test-01","001","SUCCESS",""
"compliance-level-2/0116-count-collect-hitpolicy","0116-count-collect-hitpolicy-test-01","002","SUCCESS",""
"compliance-level-2/0116-count-collect-hitpolicy","0116-count-collect-hitpolicy-test-01","003","SUCCESS",""
"compliance-level-2/0117-multi-any-hitpolicy","0117-multi-any-hitpolicy-test-01","001","SUCCESS",""
"compliance-level-2/0117-multi-any-hitpolicy","0117-multi-any-hitpolicy-test-01","002","SUCCESS",""
"compliance-level-2/0117-multi-any-hitpolicy","0117-multi-any-hitpolicy-test-01","003","SUCCESS",""
"compliance-level-2/0118-multi-priority-hitpolicy","0118-multi-priority-hitpolicy-test-01","001","IGNORED",""
"compliance-level-2/0118-multi-priority-hitpolicy","0118-multi-priority-hitpolicy-test-01","002","IGNORED",""
"compliance-level-2/0118-multi-priority-hitpolicy","0118-multi-priority-hitpolicy-test-01","003","IGNORED",""
"compliance-level-2/0119-multi-collect-hitpolicy","0119-multi-collect-hitpolicy-test-01","001","IGNORED",""
"compliance-level-2/0119-multi-collect-hitpolicy","0119-multi-collect-hitpolicy-test-01","002","IGNORED",""
"compliance-level-2/0119-multi-collect-hitpolicy","0119-multi-collect-hitpolicy-test-01","003","IGNORED",""
"compliance-level-3/0001-filter","0001-filter-test-01","001","SUCCESS",""
"compliance-level-3/0002-string-functions","0002-string-functions-test-01","001","IGNORED",""
"compliance-level-3/0002-string-functions","0002-string-functions-test-01","002","SUCCESS",""
"compliance-level-3/0002-string-functions","0002-string-functions-test-01","003","IGNORED",""
"compliance-level-3/0002-string-functions","0002-string-functions-test-01","004","SUCCESS",""
"compliance-level-3/0003-iteration","0003-iteration-test-01","001","IGNORED",""
"compliance-level-3/0004-lending","0004-lending-test-01","001","IGNORED",""
"compliance-level-3/0005-literal-invocation","0005-literal-invocation-test-01","001","IGNORED",""
"compliance-level-3/0005-literal-invocation","0005-literal-invocation-test-01","002","IGNORED",""
"compliance-level-3/0005-literal-invocation","0005-literal-invocation-test-01","003","IGNORED",""
"compliance-level-3/0006-join","0006-join-test-01","001","SUCCESS",""
"compliance-level-3/0007-date-time","0007-date-time-test-01","001","IGNORED",""
"compliance-level-3/0008-listGen","0008-listGen-test-01","001","SUCCESS",""
"compliance-level-3/0008-listGen","0008-listGen-test-01","002","SUCCESS",""
"compliance-level-3/0008-listGen","0008-listGen-test-01","003","SUCCESS",""
"compliance-level-3/0008-listGen","0008-listGen-test-01","004","SUCCESS",""
"compliance-level-3/0008-listGen","0008-listGen-test-01","005","SUCCESS",""
"compliance-level-3/0008-listGen","0008-listGen-test-01","006","SUCCESS",""
"compliance-level-3/0008-listGen","0008-listGen-test-01","007","SUCCESS",""
"compliance-level-3/0008-listGen","0008-listGen-test-01","008","SUCCESS",""
"compliance-level-3/0008-listGen","0008-listGen-test-01","009","SUCCESS",""
"compliance-level-3/0008-listGen","0008-listGen-test-01","010","IGNORED",""
"compliance-level-3/0009-append-flatten","0009-append-flatten-test-01","001","SUCCESS",""
"compliance-level-3/0010-concatenate","0010-concatenate-test-01","001","SUCCESS",""
"compliance-level-3/0011-insert-remove","0011-insert-remove-test-01","001","SUCCESS",""
"compliance-level-3/0012-list-functions","0012-list-functions-test-01","001","SUCCESS",""
"compliance-level-3/0012-list-functions","0012-list-functions-test-01","002","SUCCESS",""
"compliance-level-3/0012-list-functions","0012-list-functions-test-01","003","SUCCESS",""
"compliance-level-3/0012-list-functions","0012-list-functions-test-01","004","SUCCESS",""
"compliance-level-3/0012-list-functions","0012-list-functions-test-01","005","SUCCESS",""
"compliance-level-3/0012-list-functions","0012-list-functions-test-01","006","SUCCESS",""
"compliance-level-3/0012-list-functions","0012-list-functions-test-01","007","SUCCESS",""
"compliance-level-3/0012-list-functions","0012-list-functions-test-01","008","SUCCESS",""
"compliance-level-3/0012-list-functions","0012-list-functions-test-01","009","SUCCESS",""
"compliance-level-3/0012-list-functions","0012-list-functions-test-01","010","SUCCESS",""
"compliance-level-3/0012-list-functions","0012-list-functions-test-01","011","SUCCESS",""
"compliance-level-3/0012-list-functions","0012-list-functions-test-01","012","SUCCESS",""
"compliance-level-3/0012-list-functions","0012-list-functions-test-01","013","SUCCESS",""
"compliance-level-3/0012-list-functions","0012-list-functions-test-01","014","SUCCESS",""
"compliance-level-3/0012-list-functions","0012-list-functions-test-01","015","SUCCESS",""
"compliance-level-3/0012-list-functions","0012-list-functions-test-01","016","SUCCESS",""
"compliance-level-3/0012-list-functions","0012-list-functions-test-01","017","SUCCESS",""
"compliance-level-3/0012-list-functions","0012-list-functions-test-01","018","SUCCESS",""
"compliance-level-3/0012-list-functions","0012-list-functions-test-01","019","SUCCESS",""
"compliance-level-3/0013-sort","0013-sort-test-01","001","SUCCESS",""
"compliance-level-3/0014-loan-comparison","0014-loan-comparison-test-01","001","IGNORED",""
"compliance-level-3/0016-some-every","0016-some-every-test-01","001","IGNORED",""
"compliance-level-3/0016-some-every","0016-some-every-test-01","decision_014","IGNORED",""
"compliance-level-3/0016-some-every","0016-some-every-test-01","decision_014a","IGNORED",""
"compliance-level-3/0017-tableTests","0017-tableTests-test-01","001","IGNORED",""
"compliance-level-3/0017-tableTests","0017-tableTests-test-01","002","IGNORED",""
"compliance-level-3/0017-tableTests","0017-tableTests-test-01","003","IGNORED",""
"compliance-level-3/0017-tableTests","0017-tableTests-test-01","004","IGNORED",""
"compliance-level-3/0020-vacation-days","0020-vacation-days-test-01","001","IGNORED",""
"compliance-level-3/0020-vacation-days","0020-vacation-days-test-01","002","IGNORED",""
"compliance-level-3/0020-vacation-days","0020-vacation-days-test-01","003","IGNORED",""
"compliance-level-3/0020-vacation-days","0020-vacation-days-test-01","004","IGNORED",""
"compliance-level-3/0020-vacation-days","0020-vacation-days-test-01","005","IGNORED",""
"compliance-level-3/0020-vacation-days","0020-vacation-days-test-01","006","IGNORED",""
"compliance-level-3/0020-vacation-days","0020-vacation-days-test-01","007","IGNORED",""
"compliance-level-3/0021-singleton-list","0021-singleton-list-test-01","001","IGNORED",""
"compliance-level-3/0030-user-defined-functions","0030-user-defined-functions-test-01","001","IGNORED",""
"compliance-level-3/0031-user-defined-functions","0031-user-defined-functions-test-01","001","IGNORED",""
"compliance-level-3/0031-user-defined-functions","0031-user-defined-functions-test-01","002","IGNORED",""
"compliance-level-3/0031-user-defined-functions","0031-user-defined-functions-test-01","003","IGNORED",""
"compliance-level-3/0032-conditionals","0032-conditionals-test-01","001","SUCCESS",""
"compliance-level-3/0032-conditionals","0032-conditionals-test-01","002","SUCCESS",""
"compliance-level-3/0032-conditionals","0032-conditionals-test-01","003","SUCCESS",""
"compliance-level-3/0032-conditionals","0032-conditionals-test-01","004","SUCCESS",""
"compliance-level-3/0032-conditionals","0032-conditionals-test-01","005","SUCCESS",""
"compliance-level-3/0032-conditionals","0032-conditionals-test-01","006","SUCCESS",""
"compliance-level-3/0033-for-loops","0033-for-loops-test-01","001","SUCCESS",""
"compliance-level-3/0033-for-loops","0033-for-loops-test-01","002","SUCCESS",""
"compliance-level-3/0033-for-loops","0033-for-loops-test-01","003","IGNORED",""
"compliance-level-3/0033-for-loops","0033-for-loops-test-01","004","SUCCESS",""
"compliance-level-3/0034-drg-scopes","0034-drg-scopes-test-01","001","IGNORED",""
"compliance-level-3/0035-test-structure-output","0035-test-structure-output-test-01","001","IGNORED",""
"compliance-level-3/0035-test-structure-output","0035-test-structure-output-test-01","002","IGNORED",""
"compliance-level-3/0035-test-structure-output","0035-test-structure-output-test-01","003","IGNORED",""
"compliance-level-3/0036-dt-variable-input","0036-dt-variable-input-test-01","_20445ee0-744d-4488-a90e-136701510871","IGNORED",""
"compliance-level-3/0036-dt-variable-input","0036-dt-variable-input-test-01","_58109f16-2e9b-496e-bfff-5f0adbfa0279","IGNORED",""
"compliance-level-3/0036-dt-variable-input","0036-dt-variable-input-test-01","_9d09e1a1-d573-42f0-a026-da811bb73eeb","IGNORED",""
"compliance-level-3/0037-dt-on-bkm-implicit-params","0037-dt-on-bkm-implicit-params-test-01","_0de87bf9-0269-40b1-b7ac-767ae9a99b89","IGNORED",""
"compliance-level-3/0037-dt-on-bkm-implicit-params","0037-dt-on-bkm-implicit-params-test-01","_20d7e21f-f58f-4a78-8074-a70cbf13de83","IGNORED",""
"compliance-level-3/0038-dt-on-bkm-explicit-params","0038-dt-on-bkm-explicit-params-test-01","_b224d5f5-006f-43bb-9ace-e6af924dc2b3","IGNORED",""
"compliance-level-3/0038-dt-on-bkm-explicit-params","0038-dt-on-bkm-explicit-params-test-01","_bf27c25d-18f6-4891-8370-42d440709d90","IGNORED",""
"compliance-level-3/0039-dt-list-semantics","0039-dt-list-semantics-test-01","_07726176-a1a0-4e9e-9de2-16dba51556e2","IGNORED",""
"compliance-level-3/0039-dt-list-semantics","0039-dt-list-semantics-test-01","_a217c840-6ead-4cb7-a3e1-ad9df9c0c584","IGNORED",""
"compliance-level-3/0040-singlenestedcontext","0040-singlenestedcontext-test-01","001","IGNORED",""
"compliance-level-3/0040-singlenestedcontext","0040-singlenestedcontext-test-01","002","IGNORED",""
"compliance-level-3/0040-singlenestedcontext","0040-singlenestedcontext-test-01","003","IGNORED",""
"compliance-level-3/0041-multiple-nestedcontext","0041-multiple-nestedcontext-test-01","001","IGNORED",""
"compliance-level-3/0041-multiple-nestedcontext","0041-multiple-nestedcontext-test-01","002","IGNORED",""
"compliance-level-3/0041-multiple-nestedcontext","0041-multiple-nestedcontext-test-01","003","IGNORED",""
"compliance-level-3/0050-feel-abs-function","0050-feel-abs-function-test-01","001","SUCCESS",""
"compliance-level-3/0050-feel-abs-function","0050-feel-abs-function-test-01","002","SUCCESS",""
"compliance-level-3/0050-feel-abs-function","0050-feel-abs-function-test-01","003","SUCCESS",""
"compliance-level-3/0050-feel-abs-function","0050-feel-abs-function-test-01","004","SUCCESS",""
"compliance-level-3/0050-feel-abs-function","0050-feel-abs-function-test-01","005","SUCCESS",""
"compliance-level-3/0050-feel-abs-function","0050-feel-abs-function-test-01","006","SUCCESS",""
"compliance-level-3/0050-feel-abs-function","0050-feel-abs-function-test-01","007","IGNORED",""
"compliance-level-3/0050-feel-abs-function","0050-feel-abs-function-test-01","008","SUCCESS",""
"compliance-level-3/0050-feel-abs-function","0050-feel-abs-function-test-01","009","SUCCESS",""
"compliance-level-3/0050-feel-abs-function","0050-feel-abs-function-test-01","010","SUCCESS",""
"compliance-level-3/0050-feel-abs-function","0050-feel-abs-function-test-01","011","SUCCESS",""
"compliance-level-3/0050-feel-abs-function","0050-feel-abs-function-test-01","011_a","SUCCESS",""
"compliance-level-3/0050-feel-abs-function","0050-feel-abs-function-test-01","012","SUCCESS",""
"compliance-level-3/0050-feel-abs-function","0050-feel-abs-function-test-01","012_a","SUCCESS",""
"compliance-level-3/0050-feel-abs-function","0050-feel-abs-function-test-01","013","SUCCESS",""
"compliance-level-3/0050-feel-abs-function","0050-feel-abs-function-test-01","014","SUCCESS",""
"compliance-level-3/0050-feel-abs-function","0050-feel-abs-function-test-01","015","SUCCESS",""
"compliance-level-3/0051-feel-sqrt-function","0051-feel-sqrt-function-test-01","001","SUCCESS",""
"compliance-level-3/0051-feel-sqrt-function","0051-feel-sqrt-function-test-01","002","SUCCESS",""
"compliance-level-3/0051-feel-sqrt-function","0051-feel-sqrt-function-test-01","003","SUCCESS",""
"compliance-level-3/0051-feel-sqrt-function","0051-feel-sqrt-function-test-01","004","SUCCESS",""
"compliance-level-3/0051-feel-sqrt-function","0051-feel-sqrt-function-test-01","005","SUCCESS",""
"compliance-level-3/0051-feel-sqrt-function","0051-feel-sqrt-function-test-01","006","SUCCESS",""
"compliance-level-3/0051-feel-sqrt-function","0051-feel-sqrt-function-test-01","007","SUCCESS",""
"compliance-level-3/0051-feel-sqrt-function","0051-feel-sqrt-function-test-01","008","SUCCESS",""
"compliance-level-3/0051-feel-sqrt-function","0051-feel-sqrt-function-test-01","009","SUCCESS",""
"compliance-level-3/0051-feel-sqrt-function","0051-feel-sqrt-function-test-01","010","SUCCESS",""
"compliance-level-3/0051-feel-sqrt-function","0051-feel-sqrt-function-test-01","011","SUCCESS",""
"compliance-level-3/0051-feel-sqrt-function","0051-feel-sqrt-function-test-01","012","SUCCESS",""
"compliance-level-3/0051-feel-sqrt-function","0051-feel-sqrt-function-test-01","013","SUCCESS",""
"compliance-level-3/0051-feel-sqrt-function","0051-feel-sqrt-function-test-01","014","SUCCESS",""
"compliance-level-3/0051-feel-sqrt-function","0051-feel-sqrt-function-test-01","015","SUCCESS",""
"compliance-level-3/0052-feel-exp-function","0052-feel-exp-function-test-01","001","SUCCESS",""
"compliance-level-3/0052-feel-exp-function","0052-feel-exp-function-test-01","002","SUCCESS",""
"compliance-level-3/0052-feel-exp-function","0052-feel-exp-function-test-01","003","SUCCESS",""
"compliance-level-3/0052-feel-exp-function","0052-feel-exp-function-test-01","004","SUCCESS",""
"compliance-level-3/0052-feel-exp-function","0052-feel-exp-function-test-01","005","SUCCESS",""
"compliance-level-3/0052-feel-exp-function","0052-feel-exp-function-test-01","006","SUCCESS",""
"compliance-level-3/0052-feel-exp-function","0052-feel-exp-function-test-01","007","SUCCESS",""
"compliance-level-3/0052-feel-exp-function","0052-feel-exp-function-test-01","008","SUCCESS",""
"compliance-level-3/0052-feel-exp-function","0052-feel-exp-function-test-01","009","SUCCESS",""
"compliance-level-3/0052-feel-exp-function","0052-feel-exp-function-test-01","010","SUCCESS",""
"compliance-level-3/0052-feel-exp-function","0052-feel-exp-function-test-01","011","SUCCESS",""
"compliance-level-3/0052-feel-exp-function","0052-feel-exp-function-test-01","012","SUCCESS",""
"compliance-level-3/0052-feel-exp-function","0052-feel-exp-function-test-01","013","SUCCESS",""
"compliance-level-3/0052-feel-exp-function","0052-feel-exp-function-test-01","014","SUCCESS",""
"compliance-level-3/0052-feel-exp-function","0052-feel-exp-function-test-01","015","SUCCESS",""
"compliance-level-3/0053-feel-log-function","0053-feel-log-function-test-01","001","SUCCESS",""
"compliance-level-3/0053-feel-log-function","0053-feel-log-function-test-01","002","SUCCESS",""
"compliance-level-3/0053-feel-log-function","0053-feel-log-function-test-01","003","SUCCESS",""
"compliance-level-3/0053-feel-log-function","0053-feel-log-function-test-01","004","SUCCESS",""
"compliance-level-3/0053-feel-log-function","0053-feel-log-function-test-01","005","SUCCESS",""
"compliance-level-3/0053-feel-log-function","0053-feel-log-function-test-01","006","SUCCESS",""
"compliance-level-3/0053-feel-log-function","0053-feel-log-function-test-01","007","SUCCESS",""
"compliance-level-3/0053-feel-log-function","0053-feel-log-function-test-01","008","SUCCESS",""
"compliance-level-3/0053-feel-log-function","0053-feel-log-function-test-01","009","SUCCESS",""
"compliance-level-3/0053-feel-log-function","0053-feel-log-function-test-01","010","SUCCESS",""
"compliance-level-3/0053-feel-log-function","0053-feel-log-function-test-01","011","SUCCESS",""
"compliance-level-3/0053-feel-log-function","0053-feel-log-function-test-01","012","SUCCESS",""
"compliance-level-3/0053-feel-log-function","0053-feel-log-function-test-01","013","SUCCESS",""
"compliance-level-3/0053-feel-log-function","0053-feel-log-function-test-01","014","SUCCESS",""
"compliance-level-3/0053-feel-log-function","0053-feel-log-function-test-01","015","SUCCESS",""
"compliance-level-3/0054-feel-even-function","0054-feel-even-function-test-01","001","SUCCESS",""
"compliance-level-3/0054-feel-even-function","0054-feel-even-function-test-01","001_a","SUCCESS",""
"compliance-level-3/0054-feel-even-function","0054-feel-even-function-test-01","002","SUCCESS",""
"compliance-level-3/0054-feel-even-function","0054-feel-even-function-test-01","002_a","SUCCESS",""
"compliance-level-3/0054-feel-even-function","0054-feel-even-function-test-01","003","SUCCESS",""
"compliance-level-3/0054-feel-even-function","0054-feel-even-function-test-01","004","SUCCESS",""
"compliance-level-3/0054-feel-even-function","0054-feel-even-function-test-01","005","SUCCESS",""
"compliance-level-3/0054-feel-even-function","0054-feel-even-function-test-01","006","SUCCESS",""
"compliance-level-3/0054-feel-even-function","0054-feel-even-function-test-01","007","SUCCESS",""
"compliance-level-3/0054-feel-even-function","0054-feel-even-function-test-01","008","SUCCESS",""
"compliance-level-3/0054-feel-even-function","0054-feel-even-function-test-01","009","SUCCESS",""
"compliance-level-3/0054-feel-even-function","0054-feel-even-function-test-01","010","SUCCESS",""
"compliance-level-3/0054-feel-even-function","0054-feel-even-function-test-01","011","SUCCESS",""
"compliance-level-3/0054-feel-even-function","0054-feel-even-function-test-01","012","SUCCESS",""
"compliance-level-3/0054-feel-even-function","0054-feel-even-function-test-01","013","SUCCESS",""
"compliance-level-3/0054-feel-even-function","0054-feel-even-function-test-01","014","SUCCESS",""
"compliance-level-3/0054-feel-even-function","0054-feel-even-function-test-01","015","SUCCESS",""
"compliance-level-3/0055-feel-odd-function","0055-feel-odd-function-test-01","001","SUCCESS",""
"compliance-level-3/0055-feel-odd-function","0055-feel-odd-function-test-01","001_a","SUCCESS",""
"compliance-level-3/0055-feel-odd-function","0055-feel-odd-function-test-01","002","SUCCESS",""
"compliance-level-3/0055-feel-odd-function","0055-feel-odd-function-test-01","002_a","SUCCESS",""
"compliance-level-3/0055-feel-odd-function","0055-feel-odd-function-test-01","003","SUCCESS",""
"compliance-level-3/0055-feel-odd-function","0055-feel-odd-function-test-01","004","SUCCESS",""
"compliance-level-3/0055-feel-odd-function","0055-feel-odd-function-test-01","005","SUCCESS",""
"compliance-level-3/0055-feel-odd-function","0055-feel-odd-function-test-01","006","SUCCESS",""
"compliance-level-3/0055-feel-odd-function","0055-feel-odd-function-test-01","007","SUCCESS",""
"compliance-level-3/0055-feel-odd-function","0055-feel-odd-function-test-01","008","SUCCESS",""
"compliance-level-3/0055-feel-odd-function","0055-feel-odd-function-test-01","009","SUCCESS",""
"compliance-level-3/0055-feel-odd-function","0055-feel-odd-function-test-01","010","SUCCESS",""
"compliance-level-3/0055-feel-odd-function","0055-feel-odd-function-test-01","011","SUCCESS",""
"compliance-level-3/0055-feel-odd-function","0055-feel-odd-function-test-01","012","SUCCESS",""
"compliance-level-3/0055-feel-odd-function","0055-feel-odd-function-test-01","013","SUCCESS",""
"compliance-level-3/0055-feel-odd-function","0055-feel-odd-function-test-01","014","SUCCESS",""
"compliance-level-3/0055-feel-odd-function","0055-feel-odd-function-test-01","015","SUCCESS",""
"compliance-level-3/0056-feel-modulo-function","0056-feel-modulo-function-test-01","001","SUCCESS",""
"compliance-level-3/0056-feel-modulo-function","0056-feel-modulo-function-test-01","001_a","SUCCESS",""
"compliance-level-3/0056-feel-modulo-function","0056-feel-modulo-function-test-01","002","SUCCESS",""
"compliance-level-3/0056-feel-modulo-function","0056-feel-modulo-function-test-01","003","SUCCESS",""
"compliance-level-3/0056-feel-modulo-function","0056-feel-modulo-function-test-01","003_a","SUCCESS",""
"compliance-level-3/0056-feel-modulo-function","0056-feel-modulo-function-test-01","004","SUCCESS",""
"compliance-level-3/0056-feel-modulo-function","0056-feel-modulo-function-test-01","005","SUCCESS",""
"compliance-level-3/0056-feel-modulo-function","0056-feel-modulo-function-test-01","005_a","SUCCESS",""
"compliance-level-3/0056-feel-modulo-function","0056-feel-modulo-function-test-01","006","SUCCESS",""
"compliance-level-3/0056-feel-modulo-function","0056-feel-modulo-function-test-01","007","SUCCESS",""
"compliance-level-3/0056-feel-modulo-function","0056-feel-modulo-function-test-01","008","SUCCESS",""
"compliance-level-3/0056-feel-modulo-function","0056-feel-modulo-function-test-01","008_a","SUCCESS",""
"compliance-level-3/0056-feel-modulo-function","0056-feel-modulo-function-test-01","008_b","SUCCESS",""
"compliance-level-3/0056-feel-modulo-function","0056-feel-modulo-function-test-01","009","SUCCESS",""
"compliance-level-3/0056-feel-modulo-function","0056-feel-modulo-function-test-01","010","SUCCESS",""
"compliance-level-3/0056-feel-modulo-function","0056-feel-modulo-function-test-01","011","SUCCESS",""
"compliance-level-3/0056-feel-modulo-function","0056-feel-modulo-function-test-01","012","SUCCESS",""
"compliance-level-3/0056-feel-modulo-function","0056-feel-modulo-function-test-01","013","SUCCESS",""
"compliance-level-3/0056-feel-modulo-function","0056-feel-modulo-function-test-01","014","SUCCESS",""
"compliance-level-3/0056-feel-modulo-function","0056-feel-modulo-function-test-01","015","SUCCESS",""
"compliance-level-3/0056-feel-modulo-function","0056-feel-modulo-function-test-01","016a","SUCCESS",""
"compliance-level-3/0056-feel-modulo-function","0056-feel-modulo-function-test-01","016b","SUCCESS",""
"compliance-level-3/0056-feel-modulo-function","0056-feel-modulo-function-test-01","016c","SUCCESS",""
"compliance-level-3/0056-feel-modulo-function","0056-feel-modulo-function-test-01","016d","SUCCESS",""
"compliance-level-3/0056-feel-modulo-function","0056-feel-modulo-function-test-01","017a","SUCCESS",""
"compliance-level-3/0056-feel-modulo-function","0056-feel-modulo-function-test-01","017b","SUCCESS",""
"compliance-level-3/0056-feel-modulo-function","0056-feel-modulo-function-test-01","017c","SUCCESS",""
"compliance-level-3/0056-feel-modulo-function","0056-feel-modulo-function-test-01","017d","SUCCESS",""
"compliance-level-3/0057-feel-context","0057-feel-context-test-01","001","SUCCESS",""
"compliance-level-3/0057-feel-context","0057-feel-context-test-01","002","SUCCESS",""
"compliance-level-3/0057-feel-context","0057-feel-context-test-01","003","SUCCESS",""
"compliance-level-3/0057-feel-context","0057-feel-context-test-01","003_a","SUCCESS",""
"compliance-level-3/0057-feel-context","0057-feel-context-test-01","004","IGNORED",""
"compliance-level-3/0057-feel-context","0057-feel-context-test-01","005","IGNORED",""
"compliance-level-3/0057-feel-context","0057-feel-context-test-01","006","SUCCESS",""
"compliance-level-3/0057-feel-context","0057-feel-context-test-01","007","SUCCESS",""
"compliance-level-3/0057-feel-context","0057-feel-context-test-01","008","IGNORED",""
"compliance-level-3/0058-feel-number-function","0058-feel-number-function-test-01","001","SUCCESS",""
"compliance-level-3/0058-feel-number-function","0058-feel-number-function-test-01","002","SUCCESS",""
"compliance-level-3/0058-feel-number-function","0058-feel-number-function-test-01","003","SUCCESS",""
"compliance-level-3/0058-feel-number-function","0058-feel-number-function-test-01","003_a","SUCCESS",""
"compliance-level-3/0058-feel-number-function","0058-feel-number-function-test-01","004","SUCCESS",""
"compliance-level-3/0058-feel-number-function","0058-feel-number-function-test-01","004_a","SUCCESS",""
"compliance-level-3/0058-feel-number-function","0058-feel-number-function-test-01","004_b","SUCCESS",""
"compliance-level-3/0058-feel-number-function","0058-feel-number-function-test-01","004_c","SUCCESS",""
"compliance-level-3/0058-feel-number-function","0058-feel-number-function-test-01","005","SUCCESS",""
"compliance-level-3/0058-feel-number-function","0058-feel-number-function-test-01","006","SUCCESS",""
"compliance-level-3/0058-feel-number-function","0058-feel-number-function-test-01","007","SUCCESS",""
"compliance-level-3/0058-feel-number-function","0058-feel-number-function-test-01","008","SUCCESS",""
"compliance-level-3/0058-feel-number-function","0058-feel-number-function-test-01","009","SUCCESS",""
"compliance-level-3/0058-feel-number-function","0058-feel-number-function-test-01","010","SUCCESS",""
"compliance-level-3/0058-feel-number-function","0058-feel-number-function-test-01","011","SUCCESS",""
"compliance-level-3/0058-feel-number-function","0058-feel-number-function-test-01","012","SUCCESS",""
"compliance-level-3/0058-feel-number-function","0058-feel-number-function-test-01","013","SUCCESS",""
"compliance-level-3/0058-feel-number-function","0058-feel-number-function-test-01","014","SUCCESS",""
"compliance-level-3/0058-feel-number-function","0058-feel-number-function-test-01","015","SUCCESS",""
"compliance-level-3/0058-feel-number-function","0058-feel-number-function-test-01","016","SUCCESS",""
"compliance-level-3/0058-feel-number-function","0058-feel-number-function-test-01","017","SUCCESS",""
"compliance-level-3/0059-feel-all-function","0059-feel-all-function-test-01","001","SUCCESS",""
"compliance-level-3/0059-feel-all-function","0059-feel-all-function-test-01","002","SUCCESS",""
"compliance-level-3/0059-feel-all-function","0059-feel-all-function-test-01","003","SUCCESS",""
"compliance-level-3/0059-feel-all-function","0059-feel-all-function-test-01","004","SUCCESS",""
"compliance-level-3/0059-feel-all-function","0059-feel-all-function-test-01","005","SUCCESS",""
"compliance-level-3/0059-feel-all-function","0059-feel-all-function-test-01","006","SUCCESS",""
"compliance-level-3/0059-feel-all-function","0059-feel-all-function-test-01","007","SUCCESS",""
"compliance-level-3/0059-feel-all-function","0059-feel-all-function-test-01","008","SUCCESS",""
"compliance-level-3/0059-feel-all-function","0059-feel-all-function-test-01","009","SUCCESS",""
"compliance-level-3/0059-feel-all-function","0059-feel-all-function-test-01","010","SUCCESS",""
"compliance-level-3/0059-feel-all-function","0059-feel-all-function-test-01","011","SUCCESS",""
"compliance-level-3/0059-feel-all-function","0059-feel-all-function-test-01","012","SUCCESS",""
"compliance-level-3/0059-feel-all-function","0059-feel-all-function-test-01","013","SUCCESS",""
"compliance-level-3/0059-feel-all-function","0059-feel-all-function-test-01","014","SUCCESS",""
"compliance-level-3/0059-feel-all-function","0059-feel-all-function-test-01","015","SUCCESS",""
"compliance-level-3/0059-feel-all-function","0059-feel-all-function-test-01","016","SUCCESS",""
"compliance-level-3/0059-feel-all-function","0059-feel-all-function-test-01","017","SUCCESS",""
"compliance-level-3/0059-feel-all-function","0059-feel-all-function-test-01","018","SUCCESS",""
"compliance-level-3/0059-feel-all-function","0059-feel-all-function-test-01","019","SUCCESS",""
"compliance-level-3/0060-feel-any-function","0060-feel-any-function-test-01","001","SUCCESS",""
"compliance-level-3/0060-feel-any-function","0060-feel-any-function-test-01","002","SUCCESS",""
"compliance-level-3/0060-feel-any-function","0060-feel-any-function-test-01","004","SUCCESS",""
"compliance-level-3/0060-feel-any-function","0060-feel-any-function-test-01","005","SUCCESS",""
"compliance-level-3/0060-feel-any-function","0060-feel-any-function-test-01","006","SUCCESS",""
"compliance-level-3/0060-feel-any-function","0060-feel-any-function-test-01","007","SUCCESS",""
"compliance-level-3/0060-feel-any-function","0060-feel-any-function-test-01","008","SUCCESS",""
"compliance-level-3/0060-feel-any-function","0060-feel-any-function-test-01","009","SUCCESS",""
"compliance-level-3/0060-feel-any-function","0060-feel-any-function-test-01","010","SUCCESS",""
"compliance-level-3/0060-feel-any-function","0060-feel-any-function-test-01","011","SUCCESS",""
"compliance-level-3/0060-feel-any-function","0060-feel-any-function-test-01","012","SUCCESS",""
"compliance-level-3/0060-feel-any-function","0060-feel-any-function-test-01","014","SUCCESS",""
"compliance-level-3/0060-feel-any-function","0060-feel-any-function-test-01","015","SUCCESS",""
"compliance-level-3/0060-feel-any-function","0060-feel-any-function-test-01","016","SUCCESS",""
"compliance-level-3/0060-feel-any-function","0060-feel-any-function-test-01","017","SUCCESS",""
"compliance-level-3/0060-feel-any-function","0060-feel-any-function-test-01","018","SUCCESS",""
"compliance-level-3/0060-feel-any-function","0060-feel-any-function-test-01","019","SUCCESS",""
"compliance-level-3/0061-feel-median-function","0061-feel-median-function-test-01","001","SUCCESS",""
"compliance-level-3/0061-feel-median-function","0061-feel-median-function-test-01","002","SUCCESS",""
"compliance-level-3/0061-feel-median-function","0061-feel-median-function-test-01","003","SUCCESS",""
"compliance-level-3/0061-feel-median-function","0061-feel-median-function-test-01","003_a","SUCCESS",""
"compliance-level-3/0061-feel-median-function","0061-feel-median-function-test-01","004","SUCCESS",""
"compliance-level-3/0061-feel-median-function","0061-feel-median-function-test-01","005","SUCCESS",""
"compliance-level-3/0061-feel-median-function","0061-feel-median-function-test-01","006","SUCCESS",""
"compliance-level-3/0061-feel-median-function","0061-feel-median-function-test-01","007","SUCCESS",""
"compliance-level-3/0061-feel-median-function","0061-feel-median-function-test-01","008","SUCCESS",""
"compliance-level-3/0061-feel-median-function","0061-feel-median-function-test-01","009","SUCCESS",""
"compliance-level-3/0061-feel-median-function","0061-feel-median-function-test-01","010","SUCCESS",""
"compliance-level-3/0061-feel-median-function","0061-feel-median-function-test-01","011","SUCCESS",""
"compliance-level-3/0061-feel-median-function","0061-feel-median-function-test-01","012","SUCCESS",""
"compliance-level-3/0061-feel-median-function","0061-feel-median-function-test-01","013","SUCCESS",""
"compliance-level-3/0062-feel-mode-function","0062-feel-mode-function-test-01","001","SUCCESS",""
"compliance-level-3/0062-feel-mode-function","0062-feel-mode-function-test-01","002","SUCCESS",""
"compliance-level-3/0062-feel-mode-function","0062-feel-mode-function-test-01","003","SUCCESS",""
"compliance-level-3/0062-feel-mode-function","0062-feel-mode-function-test-01","003_a","SUCCESS",""
"compliance-level-3/0062-feel-mode-function","0062-feel-mode-function-test-01","004","SUCCESS",""
"compliance-level-3/0062-feel-mode-function","0062-feel-mode-function-test-01","005","SUCCESS",""
"compliance-level-3/0062-feel-mode-function","0062-feel-mode-function-test-01","006","SUCCESS",""
"compliance-level-3/0062-feel-mode-function","0062-feel-mode-function-test-01","007","SUCCESS",""
"compliance-level-3/0062-feel-mode-function","0062-feel-mode-function-test-01","008","SUCCESS",""
"compliance-level-3/0062-feel-mode-function","0062-feel-mode-function-test-01","009","SUCCESS",""
"compliance-level-3/0062-feel-mode-function","0062-feel-mode-function-test-01","011","SUCCESS",""
"compliance-level-3/0062-feel-mode-function","0062-feel-mode-function-test-01","012","SUCCESS",""
"compliance-level-3/0062-feel-mode-function","0062-feel-mode-function-test-01","013","SUCCESS",""
"compliance-level-3/0063-feel-stddev-function","0063-feel-stddev-function-test-01","001","SUCCESS",""
"compliance-level-3/0063-feel-stddev-function","0063-feel-stddev-function-test-01","003","SUCCESS",""
"compliance-level-3/0063-feel-stddev-function","0063-feel-stddev-function-test-01","003_a","SUCCESS",""
"compliance-level-3/0063-feel-stddev-function","0063-feel-stddev-function-test-01","004","SUCCESS",""
"compliance-level-3/0063-feel-stddev-function","0063-feel-stddev-function-test-01","005","SUCCESS",""
"compliance-level-3/0063-feel-stddev-function","0063-feel-stddev-function-test-01","007","SUCCESS",""
"compliance-level-3/0063-feel-stddev-function","0063-feel-stddev-function-test-01","008","SUCCESS",""
"compliance-level-3/0063-feel-stddev-function","0063-feel-stddev-function-test-01","009","SUCCESS",""
"compliance-level-3/0063-feel-stddev-function","0063-feel-stddev-function-test-01","011","SUCCESS",""
"compliance-level-3/0063-feel-stddev-function","0063-feel-stddev-function-test-01","012","SUCCESS",""
"compliance-level-3/0063-feel-stddev-function","0063-feel-stddev-function-test-01","013","SUCCESS",""
"compliance-level-3/0064-feel-conjunction","0064-feel-conjunction-test-01","001","SUCCESS",""
"compliance-level-3/0064-feel-conjunction","0064-feel-conjunction-test-01","002","SUCCESS",""
"compliance-level-3/0064-feel-conjunction","0064-feel-conjunction-test-01","003_a","SUCCESS",""
"compliance-level-3/0064-feel-conjunction","0064-feel-conjunction-test-01","003_b","SUCCESS",""
"compliance-level-3/0064-feel-conjunction","0064-feel-conjunction-test-01","003_c","SUCCESS",""
"compliance-level-3/0064-feel-conjunction","0064-feel-conjunction-test-01","004","SUCCESS",""
"compliance-level-3/0064-feel-conjunction","0064-feel-conjunction-test-01","005","SUCCESS",""
"compliance-level-3/0064-feel-conjunction","0064-feel-conjunction-test-01","006_a","SUCCESS",""
"compliance-level-3/0064-feel-conjunction","0064-feel-conjunction-test-01","006_b","SUCCESS",""
"compliance-level-3/0064-feel-conjunction","0064-feel-conjunction-test-01","006_c","SUCCESS",""
"compliance-level-3/0064-feel-conjunction","0064-feel-conjunction-test-01","007_a","SUCCESS",""
"compliance-level-3/0064-feel-conjunction","0064-feel-conjunction-test-01","007_b","SUCCESS",""
"compliance-level-3/0064-feel-conjunction","0064-feel-conjunction-test-01","007_c","SUCCESS",""
"compliance-level-3/0064-feel-conjunction","0064-feel-conjunction-test-01","008_a","SUCCESS",""
"compliance-level-3/0064-feel-conjunction","0064-feel-conjunction-test-01","008_b","SUCCESS",""
"compliance-level-3/0064-feel-conjunction","0064-feel-conjunction-test-01","008_c","SUCCESS",""
"compliance-level-3/0064-feel-conjunction","0064-feel-conjunction-test-01","009_a","SUCCESS",""
"compliance-level-3/0064-feel-conjunction","0064-feel-conjunction-test-01","009_b","SUCCESS",""
"compliance-level-3/0064-feel-conjunction","0064-feel-conjunction-test-01","009_c","SUCCESS",""
"compliance-level-3/0065-feel-disjunction","0065-feel-disjunction-test-01","001","SUCCESS",""
"compliance-level-3/0065-feel-disjunction","0065-feel-disjunction-test-01","002","SUCCESS",""
"compliance-level-3/0065-feel-disjunction","0065-feel-disjunction-test-01","003_a","SUCCESS",""
"compliance-level-3/0065-feel-disjunction","0065-feel-disjunction-test-01","003_b","SUCCESS",""
"compliance-level-3/0065-feel-disjunction","0065-feel-disjunction-test-01","003_c","SUCCESS",""
"compliance-level-3/0065-feel-disjunction","0065-feel-disjunction-test-01","004","SUCCESS",""
"compliance-level-3/0065-feel-disjunction","0065-feel-disjunction-test-01","005","SUCCESS",""
"compliance-level-3/0065-feel-disjunction","0065-feel-disjunction-test-01","006_a","SUCCESS",""
"compliance-level-3/0065-feel-disjunction","0065-feel-disjunction-test-01","006_b","SUCCESS",""
"compliance-level-3/0065-feel-disjunction","0065-feel-disjunction-test-01","006_c","SUCCESS",""
"compliance-level-3/0065-feel-disjunction","0065-feel-disjunction-test-01","007_a","SUCCESS",""
"compliance-level-3/0065-feel-disjunction","0065-feel-disjunction-test-01","007_b","SUCCESS",""
"compliance-level-3/0065-feel-disjunction","0065-feel-disjunction-test-01","007_c","SUCCESS",""
"compliance-level-3/0065-feel-disjunction","0065-feel-disjunction-test-01","008_a","SUCCESS",""
"compliance-level-3/0065-feel-disjunction","0065-feel-disjunction-test-01","008_b","SUCCESS",""
"compliance-level-3/0065-feel-disjunction","0065-feel-disjunction-test-01","008_c","SUCCESS",""
"compliance-level-3/0065-feel-disjunction","0065-feel-disjunction-test-01","009_a","SUCCESS",""
"compliance-level-3/0065-feel-disjunction","0065-feel-disjunction-test-01","009_b","SUCCESS",""
"compliance-level-3/0065-feel-disjunction","0065-feel-disjunction-test-01","009_c","SUCCESS",""
"compliance-level-3/0066-feel-negation","0066-feel-negation-test-01","001","SUCCESS",""
"compliance-level-3/0066-feel-negation","0066-feel-negation-test-01","002","SUCCESS",""
"compliance-level-3/0066-feel-negation","0066-feel-negation-test-01","003_a","SUCCESS",""
"compliance-level-3/0066-feel-negation","0066-feel-negation-test-01","003_b","SUCCESS",""
"compliance-level-3/0066-feel-negation","0066-feel-negation-test-01","003_c","SUCCESS",""
"compliance-level-3/0066-feel-negation","0066-feel-negation-test-01","003_d","SUCCESS",""
"compliance-level-3/0067-feel-split-function","0067-feel-split-function-test-01","001","SUCCESS",""
"compliance-level-3/0067-feel-split-function","0067-feel-split-function-test-01","001_a","SUCCESS",""
"compliance-level-3/0067-feel-split-function","0067-feel-split-function-test-01","004","SUCCESS",""
"compliance-level-3/0067-feel-split-function","0067-feel-split-function-test-01","005","SUCCESS",""
"compliance-level-3/0067-feel-split-function","0067-feel-split-function-test-01","006","SUCCESS",""
"compliance-level-3/0067-feel-split-function","0067-feel-split-function-test-01","007","SUCCESS",""
"compliance-level-3/0067-feel-split-function","0067-feel-split-function-test-01","008","SUCCESS",""
"compliance-level-3/0067-feel-split-function","0067-feel-split-function-test-01","008_a","SUCCESS",""
"compliance-level-3/0067-feel-split-function","0067-feel-split-function-test-01","008_b","SUCCESS",""
"compliance-level-3/0068-feel-equality","0068-feel-equality-test-01","boolean_001","SUCCESS",""
"compliance-level-3/0068-feel-equality","0068-feel-equality-test-01","boolean_002","SUCCESS",""
"compliance-level-3/0068-feel-equality","0068-feel-equality-test-01","boolean_003","SUCCESS",""
"compliance-level-3/0068-feel-equality","0068-feel-equality-test-01","boolean_004","SUCCESS",""
"compliance-level-3/0068-feel-equality","0068-feel-equality-test-01","boolean_005","SUCCESS",""
"compliance-level-3/0068-feel-equality","0068-feel-equality-test-01","boolean_006","SUCCESS",""
"compliance-level-3/0068-feel-equality","0068-feel-equality-test-01","boolean_007","SUCCESS",""
"compliance-level-3/0068-feel-equality","0068-feel-equality-test-01","boolean_008","SUCCESS",""
"compliance-level-3/0068-feel-equality","0068-feel-equality-test-01","boolean_009","SUCCESS",""
"compliance-level-3/0068-feel-equality","0068-feel-equality-test-01","context_001","SUCCESS",""
"compliance-level-3/0068-feel-equality","0068-feel-equality-test-01","context_002","SUCCESS",""
"compliance-level-3/0068-feel-equality","0068-feel-equality-test-01","context_003","SUCCESS",""
"compliance-level-3/0068-feel-equality","0068-feel-equality-test-01","context_004","SUCCESS",""
"compliance-level-3/0068-feel-equality","0068-feel-equality-test-01","context_005","SUCCESS",""
"compliance-level-3/0068-feel-equality","0068-feel-equality-test-01","context_006","SUCCESS",""
"compliance-level-3/0068-feel-equality","0068-feel-equality-test-01","context_007","SUCCESS",""
"compliance-level-3/0068-feel-equality","0068-feel-equality-test-01","date_001","SUCCESS",""
"compliance-level-3/0068-feel-equality","0068-feel-equality-test-01","date_002","SUCCESS",""
"compliance-level-3/0068-feel-equality","0068-feel-equality-test-01","date_003","SUCCESS",""
"compliance-level-3/0068-feel-equality","0068-feel-equality-test-01","date_004","SUCCESS",""
"compliance-level-3/0068-feel-equality","0068-feel-equality-test-01","datetime_001","SUCCESS",""
"compliance-level-3/0068-feel-equality","0068-feel-equality-test-01","datetime_002","SUCCESS",""
"compliance-level-3/0068-feel-equality","0068-feel-equality-test-01","datetime_003","SUCCESS",""
"compliance-level-3/0068-feel-equality","0068-feel-equality-test-01","datetime_003_a","IGNORED",""
"compliance-level-3/0068-feel-equality","0068-feel-equality-test-01","datetime_004","SUCCESS",""
"compliance-level-3/0068-feel-equality","0068-feel-equality-test-01","datetime_005","IGNORED",""
"compliance-level-3/0068-feel-equality","0068-feel-equality-test-01","datetime_006","SUCCESS",""
"compliance-level-3/0068-feel-equality","0068-feel-equality-test-01","datetime_008","SUCCESS",""
"compliance-level-3/0068-feel-equality","0068-feel-equality-test-01","datetime_008_a","SUCCESS",""
"compliance-level-3/0068-feel-equality","0068-feel-equality-test-01","datetime_008_b","IGNORED",""
"compliance-level-3/0068-feel-equality","0068-feel-equality-test-01","datetime_009","IGNORED",""
"compliance-level-3/0068-feel-equality","0068-feel-equality-test-01","datetime_010","SUCCESS",""
"compliance-level-3/0068-feel-equality","0068-feel-equality-test-01","datetime_011","SUCCESS",""
"compliance-level-3/0068-feel-equality","0068-feel-equality-test-01","datetime_012","IGNORED",""
"compliance-level-3/0068-feel-equality","0068-feel-equality-test-01","datetime_013","IGNORED",""
"compliance-level-3/0068-feel-equality","0068-feel-equality-test-01","deep_001","SUCCESS",""
"compliance-level-3/0068-feel-equality","0068-feel-equality-test-01","deep_002","SUCCESS",""
"compliance-level-3/0068-feel-equality","0068-feel-equality-test-01","deep_003","SUCCESS",""
"compliance-level-3/0068-feel-equality","0068-feel-equality-test-01","deep_004","SUCCESS",""
"compliance-level-3/0068-feel-equality","0068-feel-equality-test-01","deep_005","SUCCESS",""
"compliance-level-3/0068-feel-equality","0068-feel-equality-test-01","deep_006","SUCCESS",""
"compliance-level-3/0068-feel-equality","0068-feel-equality-test-01","deep_007","SUCCESS",""
"compliance-level-3/0068-feel-equality","0068-feel-equality-test-01","dt_duration_001","SUCCESS",""
"compliance-level-3/0068-feel-equality","0068-feel-equality-test-01","dt_duration_002","SUCCESS",""
"compliance-level-3/0068-feel-equality","0068-feel-equality-test-01","dt_duration_003","SUCCESS",""
"compliance-level-3/0068-feel-equality","0068-feel-equality-test-01","dt_duration_004","SUCCESS",""
"compliance-level-3/0068-feel-equality","0068-feel-equality-test-01","dt_duration_005","SUCCESS",""
"compliance-level-3/0068-feel-equality","0068-feel-equality-test-01","dt_duration_006","SUCCESS",""
"compliance-level-3/0068-feel-equality","0068-feel-equality-test-01","dt_duration_007","SUCCESS",""
"compliance-level-3/0068-feel-equality","0068-feel-equality-test-01","list_001","SUCCESS",""
"compliance-level-3/0068-feel-equality","0068-feel-equality-test-01","list_002","SUCCESS",""
"compliance-level-3/0068-feel-equality","0068-feel-equality-test-01","list_003","SUCCESS",""
"compliance-level-3/0068-feel-equality","0068-feel-equality-test-01","list_004","SUCCESS",""
"compliance-level-3/0068-feel-equality","0068-feel-equality-test-01","list_005","SUCCESS",""
"compliance-level-3/0068-feel-equality","0068-feel-equality-test-01","list_006","IGNORED",""
"compliance-level-3/0068-feel-equality","0068-feel-equality-test-01","list_007","IGNORED",""
"compliance-level-3/0068-feel-equality","0068-feel-equality-test-01","list_008","IGNORED",""
"compliance-level-3/0068-feel-equality","0068-feel-equality-test-01","list_009","IGNORED",""
"compliance-level-3/0068-feel-equality","0068-feel-equality-test-01","list_010","IGNORED",""
"compliance-level-3/0068-feel-equality","0068-feel-equality-test-01","list_011","IGNORED",""
"compliance-level-3/0068-feel-equality","0068-feel-equality-test-01","list_012","IGNORED",""
"compliance-level-3/0068-feel-equality","0068-feel-equality-test-01","list_013","IGNORED",""
"compliance-level-3/0068-feel-equality","0068-feel-equality-test-01","list_014","IGNORED",""
"compliance-level-3/0068-feel-equality","0068-feel-equality-test-01","list_015","SUCCESS",""
"compliance-level-3/0068-feel-equality","0068-feel-equality-test-01","list_016","SUCCESS",""
"compliance-level-3/0068-feel-equality","0068-feel-equality-test-01","null_001","SUCCESS",""
"compliance-level-3/0068-feel-equality","0068-feel-equality-test-01","null_002","SUCCESS",""
"compliance-level-3/0068-feel-equality","0068-feel-equality-test-01","number_001","SUCCESS",""
"compliance-level-3/0068-feel-equality","0068-feel-equality-test-01","number_002","SUCCESS",""
"compliance-level-3/0068-feel-equality","0068-feel-equality-test-01","number_003","SUCCESS",""
"compliance-level-3/0068-feel-equality","0068-feel-equality-test-01","number_004","SUCCESS",""
"compliance-level-3/0068-feel-equality","0068-feel-equality-test-01","number_005","SUCCESS",""
"compliance-level-3/0068-feel-equality","0068-feel-equality-test-01","number_006","SUCCESS",""
"compliance-level-3/0068-feel-equality","0068-feel-equality-test-01","number_007","SUCCESS",""
"compliance-level-3/0068-feel-equality","0068-feel-equality-test-01","range_001","IGNORED",""
"compliance-level-3/0068-feel-equality","0068-feel-equality-test-01","range_002","IGNORED",""
"compliance-level-3/0068-feel-equality","0068-feel-equality-test-01","range_003","IGNORED",""
"compliance-level-3/0068-feel-equality","0068-feel-equality-test-01","range_004","IGNORED",""
"compliance-level-3/0068-feel-equality","0068-feel-equality-test-01","range_005","IGNORED",""
"compliance-level-3/0068-feel-equality","0068-feel-equality-test-01","range_006","IGNORED",""
"compliance-level-3/0068-feel-equality","0068-feel-equality-test-01","range_007","IGNORED",""
"compliance-level-3/0068-feel-equality","0068-feel-equality-test-01","range_008","IGNORED",""
"compliance-level-3/0068-feel-equality","0068-feel-equality-test-01","range_009","IGNORED",""
"compliance-level-3/0068-feel-equality","0068-feel-equality-test-01","string_001","SUCCESS",""
"compliance-level-3/0068-feel-equality","0068-feel-equality-test-01","string_002","SUCCESS",""
"compliance-level-3/0068-feel-equality","0068-feel-equality-test-01","string_003","SUCCESS",""
"compliance-level-3/0068-feel-equality","0068-feel-equality-test-01","string_004","SUCCESS",""
"compliance-level-3/0068-feel-equality","0068-feel-equality-test-01","string_005","SUCCESS",""
"compliance-level-3/0068-feel-equality","0068-feel-equality-test-01","time_001","SUCCESS",""
"compliance-level-3/0068-feel-equality","0068-feel-equality-test-01","time_002","SUCCESS",""
"compliance-level-3/0068-feel-equality","0068-feel-equality-test-01","time_002_a","SUCCESS",""
"compliance-level-3/0068-feel-equality","0068-feel-equality-test-01","time_002_b","SUCCESS",""
"compliance-level-3/0068-feel-equality","0068-feel-equality-test-01","time_003","SUCCESS",""
"compliance-level-3/0068-feel-equality","0068-feel-equality-test-01","time_004","SUCCESS",""
"compliance-level-3/0068-feel-equality","0068-feel-equality-test-01","time_005","IGNORED",""
"compliance-level-3/0068-feel-equality","0068-feel-equality-test-01","time_006","SUCCESS",""
"compliance-level-3/0068-feel-equality","0068-feel-equality-test-01","time_009","IGNORED",""
"compliance-level-3/0068-feel-equality","0068-feel-equality-test-01","time_010","SUCCESS",""
"compliance-level-3/0068-feel-equality","0068-feel-equality-test-01","time_011","SUCCESS",""
"compliance-level-3/0068-feel-equality","0068-feel-equality-test-01","time_012","SUCCESS",""
"compliance-level-3/0068-feel-equality","0068-feel-equality-test-01","ym_duration_001","SUCCESS",""
"compliance-level-3/0068-feel-equality","0068-feel-equality-test-01","ym_duration_002","SUCCESS",""
"compliance-level-3/0068-feel-equality","0068-feel-equality-test-01","ym_duration_003","SUCCESS",""
"compliance-level-3/0068-feel-equality","0068-feel-equality-test-01","ym_duration_004","SUCCESS",""
"compliance-level-3/0068-feel-equality","0068-feel-equality-test-01","ym_duration_005","SUCCESS",""
"compliance-level-3/0068-feel-equality","0068-feel-equality-test-01","ym_duration_006","SUCCESS",""
"compliance-level-3/0068-feel-equality","0068-feel-equality-test-01","ym_duration_007","SUCCESS",""
"compliance-level-3/0068-feel-equality","0068-feel-equality-test-01","ym_duration_008","SUCCESS",""
"compliance-level-3/0069-feel-list","0069-feel-list-test-01","001","SUCCESS",""
"compliance-level-3/0069-feel-list","0069-feel-list-test-01","001_a","SUCCESS",""
"compliance-level-3/0069-feel-list","0069-feel-list-test-01","002","SUCCESS",""
"compliance-level-3/0069-feel-list","0069-feel-list-test-01","003","SUCCESS",""
"compliance-level-3/0069-feel-list","0069-feel-list-test-01","004","SUCCESS",""
"compliance-level-3/0069-feel-list","0069-feel-list-test-01","005","SUCCESS",""
"compliance-level-3/0069-feel-list","0069-feel-list-test-01","006","SUCCESS",""
"compliance-level-3/0069-feel-list","0069-feel-list-test-01","007","SUCCESS",""
"compliance-level-3/0069-feel-list","0069-feel-list-test-01","008","SUCCESS",""
"compliance-level-3/0069-feel-list","0069-feel-list-test-01","009","SUCCESS",""
"compliance-level-3/0069-feel-list","0069-feel-list-test-01","010","SUCCESS",""
"compliance-level-3/0069-feel-list","0069-feel-list-test-01","011","SUCCESS",""
"compliance-level-3/0069-feel-list","0069-feel-list-test-01","012","IGNORED",""
"compliance-level-3/0069-feel-list","0069-feel-list-test-01","013","IGNORED",""
"compliance-level-3/0069-feel-list","0069-feel-list-test-01","014","IGNORED",""
"compliance-level-3/0069-feel-list","0069-feel-list-test-01","015","IGNORED",""
"compliance-level-3/0069-feel-list","0069-feel-list-test-01","016","IGNORED",""
"compliance-level-3/0069-feel-list","0069-feel-list-test-01","017","IGNORED",""
"compliance-level-3/0069-feel-list","0069-feel-list-test-01","018","IGNORED",""
"compliance-level-3/0069-feel-list","0069-feel-list-test-01","019","IGNORED",""
"compliance-level-3/0069-feel-list","0069-feel-list-test-01","020","IGNORED",""
"compliance-level-3/0069-feel-list","0069-feel-list-test-01","021","IGNORED",""
"compliance-level-3/0069-feel-list","0069-feel-list-test-01","022","IGNORED",""
"compliance-level-3/0069-feel-list","0069-feel-list-test-01","023","IGNORED",""
"compliance-level-3/0069-feel-list","0069-feel-list-test-01","024","SUCCESS",""
"compliance-level-3/0069-feel-list","0069-feel-list-test-01","025","SUCCESS",""
"compliance-level-3/0069-feel-list","0069-feel-list-test-01","026","SUCCESS",""
"compliance-level-3/0070-feel-instance-of","0070-feel-instance-of-test-01","boolean_001","SUCCESS",""
"compliance-level-3/0070-feel-instance-of","0070-feel-instance-of-test-01","boolean_002","SUCCESS",""
"compliance-level-3/0070-feel-instance-of","0070-feel-instance-of-test-01","boolean_003","SUCCESS",""
"compliance-level-3/0070-feel-instance-of","0070-feel-instance-of-test-01","boolean_004","SUCCESS",""
"compliance-level-3/0070-feel-instance-of","0070-feel-instance-of-test-01","boolean_005","SUCCESS",""
"compliance-level-3/0070-feel-instance-of","0070-feel-instance-of-test-01","boolean_006","SUCCESS",""
"compliance-level-3/0070-feel-instance-of","0070-feel-instance-of-test-01","boolean_007","SUCCESS",""
"compliance-level-3/0070-feel-instance-of","0070-feel-instance-of-test-01","boolean_009","IGNORED",""
"compliance-level-3/0070-feel-instance-of","0070-feel-instance-of-test-01","boolean_010","IGNORED",""
"compliance-level-3/0070-feel-instance-of","0070-feel-instance-of-test-01","context_001","SUCCESS",""
"compliance-level-3/0070-feel-instance-of","0070-feel-instance-of-test-01","context_002","SUCCESS",""
"compliance-level-3/0070-feel-instance-of","0070-feel-instance-of-test-01","context_003","SUCCESS",""
"compliance-level-3/0070-feel-instance-of","0070-feel-instance-of-test-01","context_004","SUCCESS",""
"compliance-level-3/0070-feel-instance-of","0070-feel-instance-of-test-01","context_005","SUCCESS",""
"compliance-level-3/0070-feel-instance-of","0070-feel-instance-of-test-01","context_006","SUCCESS",""
"compliance-level-3/0070-feel-instance-of","0070-feel-instance-of-test-01","context_007","SUCCESS",""
"compliance-level-3/0070-feel-instance-of","0070-feel-instance-of-test-01","context_009","IGNORED",""
"compliance-level-3/0070-feel-instance-of","0070-feel-instance-of-test-01","context_010","IGNORED",""
"compliance-level-3/0070-feel-instance-of","0070-feel-instance-of-test-01","date_001","SUCCESS",""
"compliance-level-3/0070-feel-instance-of","0070-feel-instance-of-test-01","date_002","SUCCESS",""
"compliance-level-3/0070-feel-instance-of","0070-feel-instance-of-test-01","date_003","SUCCESS",""
"compliance-level-3/0070-feel-instance-of","0070-feel-instance-of-test-01","date_004","SUCCESS",""
"compliance-level-3/0070-feel-instance-of","0070-feel-instance-of-test-01","date_005","SUCCESS",""
"compliance-level-3/0070-feel-instance-of","0070-feel-instance-of-test-01","date_006","SUCCESS",""
"compliance-level-3/0070-feel-instance-of","0070-feel-instance-of-test-01","date_007","IGNORED",""
"compliance-level-3/0070-feel-instance-of","0070-feel-instance-of-test-01","date_009","IGNORED",""
"compliance-level-3/0070-feel-instance-of","0070-feel-instance-of-test-01","date_010","IGNORED",""
"compliance-level-3/0070-feel-instance-of","0070-feel-instance-of-test-01","dt_duration_001","SUCCESS",""
"compliance-level-3/0070-feel-instance-of","0070-feel-instance-of-test-01","dt_duration_002","SUCCESS",""
"compliance-level-3/0070-feel-instance-of","0070-feel-instance-of-test-01","dt_duration_003","SUCCESS",""
"compliance-level-3/0070-feel-instance-of","0070-feel-instance-of-test-01","dt_duration_004","SUCCESS",""
"compliance-level-3/0070-feel-instance-of","0070-feel-instance-of-test-01","dt_duration_005","SUCCESS",""
"compliance-level-3/0070-feel-instance-of","0070-feel-instance-of-test-01","dt_duration_006","SUCCESS",""
"compliance-level-3/0070-feel-instance-of","0070-feel-instance-of-test-01","dt_duration_007","SUCCESS",""
"compliance-level-3/0070-feel-instance-of","0070-feel-instance-of-test-01","dt_duration_009","IGNORED",""
"compliance-level-3/0070-feel-instance-of","0070-feel-instance-of-test-01","dt_duration_010","IGNORED",""
"compliance-level-3/0070-feel-instance-of","0070-feel-instance-of-test-01","function_001","SUCCESS",""
"compliance-level-3/0070-feel-instance-of","0070-feel-instance-of-test-01","function_002","SUCCESS",""
"compliance-level-3/0070-feel-instance-of","0070-feel-instance-of-test-01","function_003","SUCCESS",""
"compliance-level-3/0070-feel-instance-of","0070-feel-instance-of-test-01","function_004","SUCCESS",""
"compliance-level-3/0070-feel-instance-of","0070-feel-instance-of-test-01","function_005","SUCCESS",""
"compliance-level-3/0070-feel-instance-of","0070-feel-instance-of-test-01","function_006","SUCCESS",""
"compliance-level-3/0070-feel-instance-of","0070-feel-instance-of-test-01","function_007","SUCCESS",""
"compliance-level-3/0070-feel-instance-of","0070-feel-instance-of-test-01","function_009","IGNORED",""
"compliance-level-3/0070-feel-instance-of","0070-feel-instance-of-test-01","function_010","IGNORED",""
"compliance-level-3/0070-feel-instance-of","0070-feel-instance-of-test-01","list_001","SUCCESS",""
"compliance-level-3/0070-feel-instance-of","0070-feel-instance-of-test-01","list_002","SUCCESS",""
"compliance-level-3/0070-feel-instance-of","0070-feel-instance-of-test-01","list_003","SUCCESS",""
"compliance-level-3/0070-feel-instance-of","0070-feel-instance-of-test-01","list_004","SUCCESS",""
"compliance-level-3/0070-feel-instance-of","0070-feel-instance-of-test-01","list_005","SUCCESS",""
"compliance-level-3/0070-feel-instance-of","0070-feel-instance-of-test-01","list_006","SUCCESS",""
"compliance-level-3/0070-feel-instance-of","0070-feel-instance-of-test-01","list_007","SUCCESS",""
"compliance-level-3/0070-feel-instance-of","0070-feel-instance-of-test-01","list_009","IGNORED",""
"compliance-level-3/0070-feel-instance-of","0070-feel-instance-of-test-01","list_010","IGNORED",""
"compliance-level-3/0070-feel-instance-of","0070-feel-instance-of-test-01","list_016","SUCCESS",""
"compliance-level-3/0070-feel-instance-of","0070-feel-instance-of-test-01","null_001","SUCCESS",""
"compliance-level-3/0070-feel-instance-of","0070-feel-instance-of-test-01","null_002","SUCCESS",""
"compliance-level-3/0070-feel-instance-of","0070-feel-instance-of-test-01","null_003","SUCCESS",""
"compliance-level-3/0070-feel-instance-of","0070-feel-instance-of-test-01","null_004","SUCCESS",""
"compliance-level-3/0070-feel-instance-of","0070-feel-instance-of-test-01","null_005","SUCCESS",""
"compliance-level-3/0070-feel-instance-of","0070-feel-instance-of-test-01","null_006","SUCCESS",""
"compliance-level-3/0070-feel-instance-of","0070-feel-instance-of-test-01","null_007","SUCCESS",""
"compliance-level-3/0070-feel-instance-of","0070-feel-instance-of-test-01","null_009","IGNORED",""
"compliance-level-3/0070-feel-instance-of","0070-feel-instance-of-test-01","null_010","IGNORED",""
"compliance-level-3/0070-feel-instance-of","0070-feel-instance-of-test-01","number_001","SUCCESS",""
"compliance-level-3/0070-feel-instance-of","0070-feel-instance-of-test-01","number_002","SUCCESS",""
"compliance-level-3/0070-feel-instance-of","0070-feel-instance-of-test-01","number_003","SUCCESS",""
"compliance-level-3/0070-feel-instance-of","0070-feel-instance-of-test-01","number_004","SUCCESS",""
"compliance-level-3/0070-feel-instance-of","0070-feel-instance-of-test-01","number_005","SUCCESS",""
"compliance-level-3/0070-feel-instance-of","0070-feel-instance-of-test-01","number_006","SUCCESS",""
"compliance-level-3/0070-feel-instance-of","0070-feel-instance-of-test-01","number_007","SUCCESS",""
"compliance-level-3/0070-feel-instance-of","0070-feel-instance-of-test-01","number_009","IGNORED",""
"compliance-level-3/0070-feel-instance-of","0070-feel-instance-of-test-01","number_010","IGNORED",""
"compliance-level-3/0070-feel-instance-of","0070-feel-instance-of-test-01","string_001","SUCCESS",""
"compliance-level-3/0070-feel-instance-of","0070-feel-instance-of-test-01","string_002","SUCCESS",""
"compliance-level-3/0070-feel-instance-of","0070-feel-instance-of-test-01","string_003","SUCCESS",""
"compliance-level-3/0070-feel-instance-of","0070-feel-instance-of-test-01","string_004","SUCCESS",""
"compliance-level-3/0070-feel-instance-of","0070-feel-instance-of-test-01","string_005","SUCCESS",""
"compliance-level-3/0070-feel-instance-of","0070-feel-instance-of-test-01","string_006","SUCCESS",""
"compliance-level-3/0070-feel-instance-of","0070-feel-instance-of-test-01","string_007","SUCCESS",""
"compliance-level-3/0070-feel-instance-of","0070-feel-instance-of-test-01","string_009","IGNORED",""
"compliance-level-3/0070-feel-instance-of","0070-feel-instance-of-test-01","string_010","IGNORED",""
"compliance-level-3/0070-feel-instance-of","0070-feel-instance-of-test-01","time_001","SUCCESS",""
"compliance-level-3/0070-feel-instance-of","0070-feel-instance-of-test-01","time_002","SUCCESS",""
"compliance-level-3/0070-feel-instance-of","0070-feel-instance-of-test-01","time_003","SUCCESS",""
"compliance-level-3/0070-feel-instance-of","0070-feel-instance-of-test-01","time_004","SUCCESS",""
"compliance-level-3/0070-feel-instance-of","0070-feel-instance-of-test-01","time_005","SUCCESS",""
"compliance-level-3/0070-feel-instance-of","0070-feel-instance-of-test-01","time_006","SUCCESS",""
"compliance-level-3/0070-feel-instance-of","0070-feel-instance-of-test-01","time_007","SUCCESS",""
"compliance-level-3/0070-feel-instance-of","0070-feel-instance-of-test-01","time_009","IGNORED",""
"compliance-level-3/0070-feel-instance-of","0070-feel-instance-of-test-01","time_010","IGNORED",""
"compliance-level-3/0070-feel-instance-of","0070-feel-instance-of-test-01","ym_duration_001","SUCCESS",""
"compliance-level-3/0070-feel-instance-of","0070-feel-instance-of-test-01","ym_duration_002","SUCCESS",""
"compliance-level-3/0070-feel-instance-of","0070-feel-instance-of-test-01","ym_duration_003","SUCCESS",""
"compliance-level-3/0070-feel-instance-of","0070-feel-instance-of-test-01","ym_duration_004","SUCCESS",""
"compliance-level-3/0070-feel-instance-of","0070-feel-instance-of-test-01","ym_duration_005","SUCCESS",""
"compliance-level-3/0070-feel-instance-of","0070-feel-instance-of-test-01","ym_duration_006","SUCCESS",""
"compliance-level-3/0070-feel-instance-of","0070-feel-instance-of-test-01","ym_duration_007","SUCCESS",""
"compliance-level-3/0070-feel-instance-of","0070-feel-instance-of-test-01","ym_duration_009","IGNORED",""
"compliance-level-3/0070-feel-instance-of","0070-feel-instance-of-test-01","ym_duration_010","IGNORED",""
"compliance-level-3/0071-feel-between","0071-feel-between-test-01","date_001","SUCCESS",""
"compliance-level-3/0071-feel-between","0071-feel-between-test-01","date_002","SUCCESS",""
"compliance-level-3/0071-feel-between","0071-feel-between-test-01","date_003","SUCCESS",""
"compliance-level-3/0071-feel-between","0071-feel-between-test-01","date_004","SUCCESS",""
"compliance-level-3/0071-feel-between","0071-feel-between-test-01","date_005","SUCCESS",""
"compliance-level-3/0071-feel-between","0071-feel-between-test-01","datetime_001","SUCCESS",""
"compliance-level-3/0071-feel-between","0071-feel-between-test-01","datetime_002","SUCCESS",""
"compliance-level-3/0071-feel-between","0071-feel-between-test-01","datetime_003","SUCCESS",""
"compliance-level-3/0071-feel-between","0071-feel-between-test-01","datetime_004","SUCCESS",""
"compliance-level-3/0071-feel-between","0071-feel-between-test-01","datetime_005","SUCCESS",""
"compliance-level-3/0071-feel-between","0071-feel-between-test-01","dt_duration_001","SUCCESS",""
"compliance-level-3/0071-feel-between","0071-feel-between-test-01","dt_duration_002","SUCCESS",""
"compliance-level-3/0071-feel-between","0071-feel-between-test-01","dt_duration_003","SUCCESS",""
"compliance-level-3/0071-feel-between","0071-feel-between-test-01","dt_duration_004","SUCCESS",""
"compliance-level-3/0071-feel-between","0071-feel-between-test-01","dt_duration_005","SUCCESS",""
"compliance-level-3/0071-feel-between","0071-feel-between-test-01","null_001","IGNORED",""
"compliance-level-3/0071-feel-between","0071-feel-between-test-01","null_002","IGNORED",""
"compliance-level-3/0071-feel-between","0071-feel-between-test-01","null_003","IGNORED",""
"compliance-level-3/0071-feel-between","0071-feel-between-test-01","number_001","SUCCESS",""
"compliance-level-3/0071-feel-between","0071-feel-between-test-01","number_002","SUCCESS",""
"compliance-level-3/0071-feel-between","0071-feel-between-test-01","number_003","SUCCESS",""
"compliance-level-3/0071-feel-between","0071-feel-between-test-01","number_004","SUCCESS",""
"compliance-level-3/0071-feel-between","0071-feel-between-test-01","number_005","SUCCESS",""
"compliance-level-3/0071-feel-between","0071-feel-between-test-01","string_001","SUCCESS",""
"compliance-level-3/0071-feel-between","0071-feel-between-test-01","string_002","SUCCESS",""
"compliance-level-3/0071-feel-between","0071-feel-between-test-01","string_003","SUCCESS",""
"compliance-level-3/0071-feel-between","0071-feel-between-test-01","string_004","SUCCESS",""
"compliance-level-3/0071-feel-between","0071-feel-between-test-01","string_005","SUCCESS",""
"compliance-level-3/0071-feel-between","0071-feel-between-test-01","time_001","SUCCESS",""
"compliance-level-3/0071-feel-between","0071-feel-between-test-01","time_002","SUCCESS",""
"compliance-level-3/0071-feel-between","0071-feel-between-test-01","time_003","SUCCESS",""
"compliance-level-3/0071-feel-between","0071-feel-between-test-01","time_004","SUCCESS",""
"compliance-level-3/0071-feel-between","0071-feel-between-test-01","time_005","SUCCESS",""
"compliance-level-3/0071-feel-between","0071-feel-between-test-01","ym_duration_001","SUCCESS",""
"compliance-level-3/0071-feel-between","0071-feel-between-test-01","ym_duration_002","SUCCESS",""
"compliance-level-3/0071-feel-between","0071-feel-between-test-01","ym_duration_003","SUCCESS",""
"compliance-level-3/0071-feel-between","0071-feel-between-test-01","ym_duration_004","SUCCESS",""
"compliance-level-3/0071-feel-between","0071-feel-between-test-01","ym_duration_005","SUCCESS",""
"compliance-level-3/0072-feel-in","0072-feel-in-test-01","boolean_001","SUCCESS",""
"compliance-level-3/0072-feel-in","0072-feel-in-test-01","boolean_001_a","SUCCESS",""
"compliance-level-3/0072-feel-in","0072-feel-in-test-01","boolean_011","SUCCESS",""
"compliance-level-3/0072-feel-in","0072-feel-in-test-01","boolean_014","SUCCESS",""
"compliance-level-3/0072-feel-in","0072-feel-in-test-01","boolean_014_a","SUCCESS",""
"compliance-level-3/0072-feel-in","0072-feel-in-test-01","context_001","IGNORED",""
"compliance-level-3/0072-feel-in","0072-feel-in-test-01","context_001_a","SUCCESS",""
"compliance-level-3/0072-feel-in","0072-feel-in-test-01","context_011","SUCCESS",""
"compliance-level-3/0072-feel-in","0072-feel-in-test-01","context_014","SUCCESS",""
"compliance-level-3/0072-feel-in","0072-feel-in-test-01","context_014_a","SUCCESS",""
"compliance-level-3/0072-feel-in","0072-feel-in-test-01","dateTime_001","SUCCESS",""
"compliance-level-3/0072-feel-in","0072-feel-in-test-01","dateTime_001_a","SUCCESS",""
"compliance-level-3/0072-feel-in","0072-feel-in-test-01","dateTime_002","IGNORED",""
"compliance-level-3/0072-feel-in","0072-feel-in-test-01","dateTime_002_a","SUCCESS",""
"compliance-level-3/0072-feel-in","0072-feel-in-test-01","dateTime_003","SUCCESS",""
"compliance-level-3/0072-feel-in","0072-feel-in-test-01","dateTime_003_1","SUCCESS",""
"compliance-level-3/0072-feel-in","0072-feel-in-test-01","dateTime_003_a","SUCCESS",""
"compliance-level-3/0072-feel-in","0072-feel-in-test-01","dateTime_004","SUCCESS",""
"compliance-level-3/0072-feel-in","0072-feel-in-test-01","dateTime_004_a","SUCCESS",""
"compliance-level-3/0072-feel-in","0072-feel-in-test-01","dateTime_005","SUCCESS",""
"compliance-level-3/0072-feel-in","0072-feel-in-test-01","dateTime_005_1","SUCCESS",""
"compliance-level-3/0072-feel-in","0072-feel-in-test-01","dateTime_005_a","SUCCESS",""
"compliance-level-3/0072-feel-in","0072-feel-in-test-01","dateTime_006","SUCCESS",""
"compliance-level-3/0072-feel-in","0072-feel-in-test-01","dateTime_006_a","SUCCESS",""
"compliance-level-3/0072-feel-in","0072-feel-in-test-01","dateTime_007_a","SUCCESS",""
"compliance-level-3/0072-feel-in","0072-feel-in-test-01","dateTime_007_b","SUCCESS",""
"compliance-level-3/0072-feel-in","0072-feel-in-test-01","dateTime_007_c","SUCCESS",""
"compliance-level-3/0072-feel-in","0072-feel-in-test-01","dateTime_007_d","SUCCESS",""
"compliance-level-3/0072-feel-in","0072-feel-in-test-01","dateTime_007_e","SUCCESS",""
"compliance-level-3/0072-feel-in","0072-feel-in-test-01","dateTime_008_a","SUCCESS",""
"compliance-level-3/0072-feel-in","0072-feel-in-test-01","dateTime_008_b","SUCCESS",""
"compliance-level-3/0072-feel-in","0072-feel-in-test-01","dateTime_008_c","SUCCESS",""
"compliance-level-3/0072-feel-in","0072-feel-in-test-01","dateTime_008_d","SUCCESS",""
"compliance-level-3/0072-feel-in","0072-feel-in-test-01","dateTime_008_e","SUCCESS",""
"compliance-level-3/0072-feel-in","0072-feel-in-test-01","dateTime_009_a","SUCCESS",""
"compliance-level-3/0072-feel-in","0072-feel-in-test-01","dateTime_009_b","SUCCESS",""
"compliance-level-3/0072-feel-in","0072-feel-in-test-01","dateTime_009_c","SUCCESS",""
"compliance-level-3/0072-feel-in","0072-feel-in-test-01","dateTime_009_d","SUCCESS",""
"compliance-level-3/0072-feel-in","0072-feel-in-test-01","dateTime_009_e","SUCCESS",""
"compliance-level-3/0072-feel-in","0072-feel-in-test-01","dateTime_010_a","SUCCESS",""
"compliance-level-3/0072-feel-in","0072-feel-in-test-01","dateTime_010_b","SUCCESS",""
"compliance-level-3/0072-feel-in","0072-feel-in-test-01","dateTime_010_c","SUCCESS",""
"compliance-level-3/0072-feel-in","0072-feel-in-test-01","dateTime_010_d","SUCCESS",""
"compliance-level-3/0072-feel-in","0072-feel-in-test-01","dateTime_010_e","SUCCESS",""
"compliance-level-3/0072-feel-in","0072-feel-in-test-01","dateTime_011","SUCCESS",""
"compliance-level-3/0072-feel-in","0072-feel-in-test-01","dateTime_014","SUCCESS",""
"compliance-level-3/0072-feel-in","0072-feel-in-test-01","dateTime_014_a","SUCCESS",""
"compliance-level-3/0072-feel-in","0072-feel-in-test-01","date_001","SUCCESS",""
"compliance-level-3/0072-feel-in","0072-feel-in-test-01","date_001_a","SUCCESS",""
"compliance-level-3/0072-feel-in","0072-feel-in-test-01","date_002","IGNORED",""
"compliance-level-3/0072-feel-in","0072-feel-in-test-01","date_002_a","SUCCESS",""
"compliance-level-3/0072-feel-in","0072-feel-in-test-01","date_003","SUCCESS",""
"compliance-level-3/0072-feel-in","0072-feel-in-test-01","date_003_1","SUCCESS",""
"compliance-level-3/0072-feel-in","0072-feel-in-test-01","date_003_a","SUCCESS",""
"compliance-level-3/0072-feel-in","0072-feel-in-test-01","date_004","SUCCESS",""
"compliance-level-3/0072-feel-in","0072-feel-in-test-01","date_004_a","SUCCESS",""
"compliance-level-3/0072-feel-in","0072-feel-in-test-01","date_005","SUCCESS",""
"compliance-level-3/0072-feel-in","0072-feel-in-test-01","date_005_1","SUCCESS",""
"compliance-level-3/0072-feel-in","0072-feel-in-test-01","date_005_a","SUCCESS",""
"compliance-level-3/0072-feel-in","0072-feel-in-test-01","date_006","SUCCESS",""
"compliance-level-3/0072-feel-in","0072-feel-in-test-01","date_006_a","SUCCESS",""
"compliance-level-3/0072-feel-in","0072-feel-in-test-01","date_007_a","SUCCESS",""
"compliance-level-3/0072-feel-in","0072-feel-in-test-01","date_007_b","SUCCESS",""
"compliance-level-3/0072-feel-in","0072-feel-in-test-01","date_007_c","SUCCESS",""
"compliance-level-3/0072-feel-in","0072-feel-in-test-01","date_007_d","SUCCESS",""
"compliance-level-3/0072-feel-in","0072-feel-in-test-01","date_007_e","SUCCESS",""
"compliance-level-3/0072-feel-in","0072-feel-in-test-01","date_008_a","SUCCESS",""
"compliance-level-3/0072-feel-in","0072-feel-in-test-01","date_008_b","SUCCESS",""
"compliance-level-3/0072-feel-in","0072-feel-in-test-01","date_008_c","SUCCESS",""
"compliance-level-3/0072-feel-in","0072-feel-in-test-01","date_008_d","SUCCESS",""
"compliance-level-3/0072-feel-in","0072-feel-in-test-01","date_008_e","SUCCESS",""
"compliance-level-3/0072-feel-in","0072-feel-in-test-01","date_009_a","SUCCESS",""
"compliance-level-3/0072-feel-in","0072-feel-in-test-01","date_009_b","SUCCESS",""
"compliance-level-3/0072-feel-in","0072-feel-in-test-01","date_009_c","SUCCESS",""
"compliance-level-3/0072-feel-in","0072-feel-in-test-01","date_009_d","SUCCESS",""
"compliance-level-3/0072-feel-in","0072-feel-in-test-01","date_009_e","SUCCESS",""
"compliance-level-3/0072-feel-in","0072-feel-in-test-01","date_010_a","SUCCESS",""
"compliance-level-3/0072-feel-in","0072-feel-in-test-01","date_010_b","SUCCESS",""
"compliance-level-3/0072-feel-in","0072-feel-in-test-01","date_010_c","SUCCESS",""
"compliance-level-3/0072-feel-in","0072-feel-in-test-01","date_010_d","SUCCESS",""
"compliance-level-3/0072-feel-in","0072-feel-in-test-01","date_010_e","SUCCESS",""
"compliance-level-3/0072-feel-in","0072-feel-in-test-01","date_011","SUCCESS",""
"compliance-level-3/0072-feel-in","0072-feel-in-test-01","date_014","SUCCESS",""
"compliance-level-3/0072-feel-in","0072-feel-in-test-01","date_014_a","SUCCESS",""
"compliance-level-3/0072-feel-in","0072-feel-in-test-01","dt_duration_001","SUCCESS",""
"compliance-level-3/0072-feel-in","0072-feel-in-test-01","dt_duration_001_a","SUCCESS",""
"compliance-level-3/0072-feel-in","0072-feel-in-test-01","dt_duration_002","IGNORED",""
"compliance-level-3/0072-feel-in","0072-feel-in-test-01","dt_duration_002_a","SUCCESS",""
"compliance-level-3/0072-feel-in","0072-feel-in-test-01","dt_duration_003","SUCCESS",""
"compliance-level-3/0072-feel-in","0072-feel-in-test-01","dt_duration_003_1","SUCCESS",""
"compliance-level-3/0072-feel-in","0072-feel-in-test-01","dt_duration_003_a","SUCCESS",""
"compliance-level-3/0072-feel-in","0072-feel-in-test-01","dt_duration_004","SUCCESS",""
"compliance-level-3/0072-feel-in","0072-feel-in-test-01","dt_duration_004_a","SUCCESS",""
"compliance-level-3/0072-feel-in","0072-feel-in-test-01","dt_duration_005","SUCCESS",""
"compliance-level-3/0072-feel-in","0072-feel-in-test-01","dt_duration_005_1","SUCCESS",""
"compliance-level-3/0072-feel-in","0072-feel-in-test-01","dt_duration_005_a","SUCCESS",""
"compliance-level-3/0072-feel-in","0072-feel-in-test-01","dt_duration_006","SUCCESS",""
"compliance-level-3/0072-feel-in","0072-feel-in-test-01","dt_duration_006_a","SUCCESS",""
"compliance-level-3/0072-feel-in","0072-feel-in-test-01","dt_duration_007_a","SUCCESS",""
"compliance-level-3/0072-feel-in","0072-feel-in-test-01","dt_duration_007_b","SUCCESS",""
"compliance-level-3/0072-feel-in","0072-feel-in-test-01","dt_duration_007_c","SUCCESS",""
"compliance-level-3/0072-feel-in","0072-feel-in-test-01","dt_duration_007_d","SUCCESS",""
"compliance-level-3/0072-feel-in","0072-feel-in-test-01","dt_duration_007_e","SUCCESS",""
"compliance-level-3/0072-feel-in","0072-feel-in-test-01","dt_duration_008_a","SUCCESS",""
"compliance-level-3/0072-feel-in","0072-feel-in-test-01","dt_duration_008_b","SUCCESS",""
"compliance-level-3/0072-feel-in","0072-feel-in-test-01","dt_duration_008_c","SUCCESS",""
"compliance-level-3/0072-feel-in","0072-feel-in-test-01","dt_duration_008_d","SUCCESS",""
"compliance-level-3/0072-feel-in","0072-feel-in-test-01","dt_duration_008_e","SUCCESS",""
"compliance-level-3/0072-feel-in","0072-feel-in-test-01","dt_duration_009_a","SUCCESS",""
"compliance-level-3/0072-feel-in","0072-feel-in-test-01","dt_duration_009_b","SUCCESS",""
"compliance-level-3/0072-feel-in","0072-feel-in-test-01","dt_duration_009_c","SUCCESS",""
"compliance-level-3/0072-feel-in","0072-feel-in-test-01","dt_duration_009_d","SUCCESS",""
"compliance-level-3/0072-feel-in","0072-feel-in-test-01","dt_duration_009_e","SUCCESS",""
"compliance-level-3/0072-feel-in","0072-feel-in-test-01","dt_duration_010_a","SUCCESS",""
"compliance-level-3/0072-feel-in","0072-feel-in-test-01","dt_duration_010_b","SUCCESS",""
"compliance-level-3/0072-feel-in","0072-feel-in-test-01","dt_duration_010_c","SUCCESS",""
"compliance-level-3/0072-feel-in","0072-feel-in-test-01","dt_duration_010_d","SUCCESS",""
"compliance-level-3/0072-feel-in","0072-feel-in-test-01","dt_duration_010_e","SUCCESS",""
"compliance-level-3/0072-feel-in","0072-feel-in-test-01","dt_duration_011","SUCCESS",""
"compliance-level-3/0072-feel-in","0072-feel-in-test-01","dt_duration_014","SUCCESS",""
"compliance-level-3/0072-feel-in","0072-feel-in-test-01","dt_duration_014_a","SUCCESS",""
"compliance-level-3/0072-feel-in","0072-feel-in-test-01","list_001","SUCCESS",""
"compliance-level-3/0072-feel-in","0072-feel-in-test-01","list_001_a","SUCCESS",""
"compliance-level-3/0072-feel-in","0072-feel-in-test-01","list_011_a","SUCCESS",""
"compliance-level-3/0072-feel-in","0072-feel-in-test-01","list_011_b","SUCCESS",""
"compliance-level-3/0072-feel-in","0072-feel-in-test-01","list_014_a","SUCCESS",""
"compliance-level-3/0072-feel-in","0072-feel-in-test-01","number_001","SUCCESS",""
"compliance-level-3/0072-feel-in","0072-feel-in-test-01","number_001_a","SUCCESS",""
"compliance-level-3/0072-feel-in","0072-feel-in-test-01","number_002","IGNORED",""
"compliance-level-3/0072-feel-in","0072-feel-in-test-01","number_002_a","SUCCESS",""
"compliance-level-3/0072-feel-in","0072-feel-in-test-01","number_003","SUCCESS",""
"compliance-level-3/0072-feel-in","0072-feel-in-test-01","number_003_1","SUCCESS",""
"compliance-level-3/0072-feel-in","0072-feel-in-test-01","number_003_a","SUCCESS",""
"compliance-level-3/0072-feel-in","0072-feel-in-test-01","number_004","SUCCESS",""
"compliance-level-3/0072-feel-in","0072-feel-in-test-01","number_004_a","SUCCESS",""
"compliance-level-3/0072-feel-in","0072-feel-in-test-01","number_005","SUCCESS",""
"compliance-level-3/0072-feel-in","0072-feel-in-test-01","number_005_1","SUCCESS",""
"compliance-level-3/0072-feel-in","0072-feel-in-test-01","number_005_a","SUCCESS",""
"compliance-level-3/0072-feel-in","0072-feel-in-test-01","number_006","SUCCESS",""
"compliance-level-3/0072-feel-in","0072-feel-in-test-01","number_006_a","SUCCESS",""
"compliance-level-3/0072-feel-in","0072-feel-in-test-01","number_007_a","SUCCESS",""
"compliance-level-3/0072-feel-in","0072-feel-in-test-01","number_007_b","SUCCESS",""
"compliance-level-3/0072-feel-in","0072-feel-in-test-01","number_007_c","SUCCESS",""
"compliance-level-3/0072-feel-in","0072-feel-in-test-01","number_007_d","SUCCESS",""
"compliance-level-3/0072-feel-in","0072-feel-in-test-01","number_007_e","SUCCESS",""
"compliance-level-3/0072-feel-in","0072-feel-in-test-01","number_008_a","SUCCESS",""
"compliance-level-3/0072-feel-in","0072-feel-in-test-01","number_008_b","SUCCESS",""
"compliance-level-3/0072-feel-in","0072-feel-in-test-01","number_008_c","SUCCESS",""
"compliance-level-3/0072-feel-in","0072-feel-in-test-01","number_008_d","SUCCESS",""
"compliance-level-3/0072-feel-in","0072-feel-in-test-01","number_008_e","SUCCESS",""
"compliance-level-3/0072-feel-in","0072-feel-in-test-01","number_009_a","SUCCESS",""
"compliance-level-3/0072-feel-in","0072-feel-in-test-01","number_009_b","SUCCESS",""
"compliance-level-3/0072-feel-in","0072-feel-in-test-01","number_009_c","SUCCESS",""
"compliance-level-3/0072-feel-in","0072-feel-in-test-01","number_009_d","SUCCESS",""
"compliance-level-3/0072-feel-in","0072-feel-in-test-01","number_009_e","SUCCESS",""
"compliance-level-3/0072-feel-in","0072-feel-in-test-01","number_010_a","SUCCESS",""
"compliance-level-3/0072-feel-in","0072-feel-in-test-01","number_010_b","SUCCESS",""
"compliance-level-3/0072-feel-in","0072-feel-in-test-01","number_010_c","SUCCESS",""
"compliance-level-3/0072-feel-in","0072-feel-in-test-01","number_010_d","SUCCESS",""
"compliance-level-3/0072-feel-in","0072-feel-in-test-01","number_010_e","SUCCESS",""
"compliance-level-3/0072-feel-in","0072-feel-in-test-01","number_011","SUCCESS",""
"compliance-level-3/0072-feel-in","0072-feel-in-test-01","number_014","SUCCESS",""
"compliance-level-3/0072-feel-in","0072-feel-in-test-01","number_014_a","SUCCESS",""
"compliance-level-3/0072-feel-in","0072-feel-in-test-01","string_001","SUCCESS",""
"compliance-level-3/0072-feel-in","0072-feel-in-test-01","string_001_a","SUCCESS",""
"compliance-level-3/0072-feel-in","0072-feel-in-test-01","string_002","IGNORED",""
"compliance-level-3/0072-feel-in","0072-feel-in-test-01","string_002_a","SUCCESS",""
"compliance-level-3/0072-feel-in","0072-feel-in-test-01","string_003","SUCCESS",""
"compliance-level-3/0072-feel-in","0072-feel-in-test-01","string_003_1","SUCCESS",""
"compliance-level-3/0072-feel-in","0072-feel-in-test-01","string_003_a","SUCCESS",""
"compliance-level-3/0072-feel-in","0072-feel-in-test-01","string_004","SUCCESS",""
"compliance-level-3/0072-feel-in","0072-feel-in-test-01","string_004_a","SUCCESS",""
"compliance-level-3/0072-feel-in","0072-feel-in-test-01","string_005","SUCCESS",""
"compliance-level-3/0072-feel-in","0072-feel-in-test-01","string_005_1","SUCCESS",""
"compliance-level-3/0072-feel-in","0072-feel-in-test-01","string_005_a","SUCCESS",""
"compliance-level-3/0072-feel-in","0072-feel-in-test-01","string_006","SUCCESS",""
"compliance-level-3/0072-feel-in","0072-feel-in-test-01","string_006_a","SUCCESS",""
"compliance-level-3/0072-feel-in","0072-feel-in-test-01","string_007_a","SUCCESS",""
"compliance-level-3/0072-feel-in","0072-feel-in-test-01","string_007_b","SUCCESS",""
"compliance-level-3/0072-feel-in","0072-feel-in-test-01","string_007_c","SUCCESS",""
"compliance-level-3/0072-feel-in","0072-feel-in-test-01","string_007_d","SUCCESS",""
"compliance-level-3/0072-feel-in","0072-feel-in-test-01","string_007_e","SUCCESS",""
"compliance-level-3/0072-feel-in","0072-feel-in-test-01","string_008_a","SUCCESS",""
"compliance-level-3/0072-feel-in","0072-feel-in-test-01","string_008_b","SUCCESS",""
"compliance-level-3/0072-feel-in","0072-feel-in-test-01","string_008_c","SUCCESS",""
"compliance-level-3/0072-feel-in","0072-feel-in-test-01","string_008_d","SUCCESS",""
"compliance-level-3/0072-feel-in","0072-feel-in-test-01","string_008_e","SUCCESS",""
"compliance-level-3/0072-feel-in","0072-feel-in-test-01","string_009_a","SUCCESS",""
"compliance-level-3/0072-feel-in","0072-feel-in-test-01","string_009_b","SUCCESS",""
"compliance-level-3/0072-feel-in","0072-feel-in-test-01","string_009_c","SUCCESS",""
"compliance-level-3/0072-feel-in","0072-feel-in-test-01","string_009_d","SUCCESS",""
"compliance-level-3/0072-feel-in","0072-feel-in-test-01","string_009_e","SUCCESS",""
"compliance-level-3/0072-feel-in","0072-feel-in-test-01","string_010_a","SUCCESS",""
"compliance-level-3/0072-feel-in","0072-feel-in-test-01","string_010_b","SUCCESS",""
"compliance-level-3/0072-feel-in","0072-feel-in-test-01","string_010_c","SUCCESS",""
"compliance-level-3/0072-feel-in","0072-feel-in-test-01","string_010_d","SUCCESS",""
"compliance-level-3/0072-feel-in","0072-feel-in-test-01","string_010_e","SUCCESS",""
"compliance-level-3/0072-feel-in","0072-feel-in-test-01","string_011","SUCCESS",""
"compliance-level-3/0072-feel-in","0072-feel-in-test-01","string_014","SUCCESS",""
"compliance-level-3/0072-feel-in","0072-feel-in-test-01","string_014_a","SUCCESS",""
"compliance-level-3/0072-feel-in","0072-feel-in-test-01","time_001","SUCCESS",""
"compliance-level-3/0072-feel-in","0072-feel-in-test-01","time_001_a","SUCCESS",""
"compliance-level-3/0072-feel-in","0072-feel-in-test-01","time_002","IGNORED",""
"compliance-level-3/0072-feel-in","0072-feel-in-test-01","time_002_a","SUCCESS",""
"compliance-level-3/0072-feel-in","0072-feel-in-test-01","time_003","SUCCESS",""
"compliance-level-3/0072-feel-in","0072-feel-in-test-01","time_003_1","SUCCESS",""
"compliance-level-3/0072-feel-in","0072-feel-in-test-01","time_003_a","SUCCESS",""
"compliance-level-3/0072-feel-in","0072-feel-in-test-01","time_004","SUCCESS",""
"compliance-level-3/0072-feel-in","0072-feel-in-test-01","time_004_a","SUCCESS",""
"compliance-level-3/0072-feel-in","0072-feel-in-test-01","time_005","SUCCESS",""
"compliance-level-3/0072-feel-in","0072-feel-in-test-01","time_005_1","SUCCESS",""
"compliance-level-3/0072-feel-in","0072-feel-in-test-01","time_005_a","SUCCESS",""
"compliance-level-3/0072-feel-in","0072-feel-in-test-01","time_006","SUCCESS",""
"compliance-level-3/0072-feel-in","0072-feel-in-test-01","time_006_a","SUCCESS",""
"compliance-level-3/0072-feel-in","0072-feel-in-test-01","time_007_a","SUCCESS",""
"compliance-level-3/0072-feel-in","0072-feel-in-test-01","time_007_b","SUCCESS",""
"compliance-level-3/0072-feel-in","0072-feel-in-test-01","time_007_c","SUCCESS",""
"compliance-level-3/0072-feel-in","0072-feel-in-test-01","time_007_d","SUCCESS",""
"compliance-level-3/0072-feel-in","0072-feel-in-test-01","time_007_e","SUCCESS",""
"compliance-level-3/0072-feel-in","0072-feel-in-test-01","time_008_a","SUCCESS",""
"compliance-level-3/0072-feel-in","0072-feel-in-test-01","time_008_b","SUCCESS",""
"compliance-level-3/0072-feel-in","0072-feel-in-test-01","time_008_c","SUCCESS",""
"compliance-level-3/0072-feel-in","0072-feel-in-test-01","time_008_d","SUCCESS",""
"compliance-level-3/0072-feel-in","0072-feel-in-test-01","time_008_e","SUCCESS",""
"compliance-level-3/0072-feel-in","0072-feel-in-test-01","time_009_a","SUCCESS",""
"compliance-level-3/0072-feel-in","0072-feel-in-test-01","time_009_b","SUCCESS",""
"compliance-level-3/0072-feel-in","0072-feel-in-test-01","time_009_c","SUCCESS",""
"compliance-level-3/0072-feel-in","0072-feel-in-test-01","time_009_d","SUCCESS",""
"compliance-level-3/0072-feel-in","0072-feel-in-test-01","time_009_e","SUCCESS",""
"compliance-level-3/0072-feel-in","0072-feel-in-test-01","time_010_a","SUCCESS",""
"compliance-level-3/0072-feel-in","0072-feel-in-test-01","time_010_b","SUCCESS",""
"compliance-level-3/0072-feel-in","0072-feel-in-test-01","time_010_c","SUCCESS",""
"compliance-level-3/0072-feel-in","0072-feel-in-test-01","time_010_d","SUCCESS",""
"compliance-level-3/0072-feel-in","0072-feel-in-test-01","time_010_e","SUCCESS",""
"compliance-level-3/0072-feel-in","0072-feel-in-test-01","time_011","SUCCESS",""
"compliance-level-3/0072-feel-in","0072-feel-in-test-01","time_014","SUCCESS",""
"compliance-level-3/0072-feel-in","0072-feel-in-test-01","time_014_a","SUCCESS",""
"compliance-level-3/0072-feel-in","0072-feel-in-test-01","ym_duration_001","SUCCESS",""
"compliance-level-3/0072-feel-in","0072-feel-in-test-01","ym_duration_001_a","SUCCESS",""
"compliance-level-3/0072-feel-in","0072-feel-in-test-01","ym_duration_002","IGNORED",""
"compliance-level-3/0072-feel-in","0072-feel-in-test-01","ym_duration_002_a","SUCCESS",""
"compliance-level-3/0072-feel-in","0072-feel-in-test-01","ym_duration_003","SUCCESS",""
"compliance-level-3/0072-feel-in","0072-feel-in-test-01","ym_duration_003_1","SUCCESS",""
"compliance-level-3/0072-feel-in","0072-feel-in-test-01","ym_duration_003_a","SUCCESS",""
"compliance-level-3/0072-feel-in","0072-feel-in-test-01","ym_duration_004","SUCCESS",""
"compliance-level-3/0072-feel-in","0072-feel-in-test-01","ym_duration_004_a","SUCCESS",""
"compliance-level-3/0072-feel-in","0072-feel-in-test-01","ym_duration_005","SUCCESS",""
"compliance-level-3/0072-feel-in","0072-feel-in-test-01","ym_duration_005_1","SUCCESS",""
"compliance-level-3/0072-feel-in","0072-feel-in-test-01","ym_duration_005_a","SUCCESS",""
"compliance-level-3/0072-feel-in","0072-feel-in-test-01","ym_duration_006","SUCCESS",""
"compliance-level-3/0072-feel-in","0072-feel-in-test-01","ym_duration_006_a","SUCCESS",""
"compliance-level-3/0072-feel-in","0072-feel-in-test-01","ym_duration_007_a","SUCCESS",""
"compliance-level-3/0072-feel-in","0072-feel-in-test-01","ym_duration_007_b","SUCCESS",""
"compliance-level-3/0072-feel-in","0072-feel-in-test-01","ym_duration_007_c","SUCCESS",""
"compliance-level-3/0072-feel-in","0072-feel-in-test-01","ym_duration_007_d","SUCCESS",""
"compliance-level-3/0072-feel-in","0072-feel-in-test-01","ym_duration_007_e","SUCCESS",""
"compliance-level-3/0072-feel-in","0072-feel-in-test-01","ym_duration_008_a","SUCCESS",""
"compliance-level-3/0072-feel-in","0072-feel-in-test-01","ym_duration_008_b","SUCCESS",""
"compliance-level-3/0072-feel-in","0072-feel-in-test-01","ym_duration_008_c","SUCCESS",""
"compliance-level-3/0072-feel-in","0072-feel-in-test-01","ym_duration_008_d","SUCCESS",""
"compliance-level-3/0072-feel-in","0072-feel-in-test-01","ym_duration_008_e","SUCCESS",""
"compliance-level-3/0072-feel-in","0072-feel-in-test-01","ym_duration_009_a","SUCCESS",""
"compliance-level-3/0072-feel-in","0072-feel-in-test-01","ym_duration_009_b","SUCCESS",""
"compliance-level-3/0072-feel-in","0072-feel-in-test-01","ym_duration_009_c","SUCCESS",""
"compliance-level-3/0072-feel-in","0072-feel-in-test-01","ym_duration_009_d","SUCCESS",""
"compliance-level-3/0072-feel-in","0072-feel-in-test-01","ym_duration_009_e","SUCCESS",""
"compliance-level-3/0072-feel-in","0072-feel-in-test-01","ym_duration_010_a","SUCCESS",""
"compliance-level-3/0072-feel-in","0072-feel-in-test-01","ym_duration_010_b","SUCCESS",""
"compliance-level-3/0072-feel-in","0072-feel-in-test-01","ym_duration_010_c","SUCCESS",""
"compliance-level-3/0072-feel-in","0072-feel-in-test-01","ym_duration_010_d","SUCCESS",""
"compliance-level-3/0072-feel-in","0072-feel-in-test-01","ym_duration_010_e","SUCCESS",""
"compliance-level-3/0072-feel-in","0072-feel-in-test-01","ym_duration_011","SUCCESS",""
"compliance-level-3/0072-feel-in","0072-feel-in-test-01","ym_duration_014","SUCCESS",""
"compliance-level-3/0072-feel-in","0072-feel-in-test-01","ym_duration_014_a","SUCCESS",""
"compliance-level-3/0073-feel-comments","0073-feel-comments-test-01","decision_001","SUCCESS",""
"compliance-level-3/0073-feel-comments","0073-feel-comments-test-01","decision_002","SUCCESS",""
"compliance-level-3/0073-feel-comments","0073-feel-comments-test-01","decision_003","SUCCESS",""
"compliance-level-3/0074-feel-properties","0074-feel-properties-test-01","context_001","SUCCESS",""
"compliance-level-3/0074-feel-properties","0074-feel-properties-test-01","dateTime_001","SUCCESS",""
"compliance-level-3/0074-feel-properties","0074-feel-properties-test-01","dateTime_002","SUCCESS",""
"compliance-level-3/0074-feel-properties","0074-feel-properties-test-01","dateTime_003","SUCCESS",""
"compliance-level-3/0074-feel-properties","0074-feel-properties-test-01","dateTime_004","SUCCESS",""
"compliance-level-3/0074-feel-properties","0074-feel-properties-test-01","dateTime_005","SUCCESS",""
"compliance-level-3/0074-feel-properties","0074-feel-properties-test-01","dateTime_005_a","SUCCESS",""
"compliance-level-3/0074-feel-properties","0074-feel-properties-test-01","dateTime_006","SUCCESS",""
"compliance-level-3/0074-feel-properties","0074-feel-properties-test-01","dateTime_006_a","SUCCESS",""
"compliance-level-3/0074-feel-properties","0074-feel-properties-test-01","dateTime_007","SUCCESS",""
"compliance-level-3/0074-feel-properties","0074-feel-properties-test-01","dateTime_007_a","SUCCESS",""
"compliance-level-3/0074-feel-properties","0074-feel-properties-test-01","dateTime_008","SUCCESS",""
"compliance-level-3/0074-feel-properties","0074-feel-properties-test-01","dateTime_008_a","SUCCESS",""
"compliance-level-3/0074-feel-properties","0074-feel-properties-test-01","dateTime_009","SUCCESS",""
"compliance-level-3/0074-feel-properties","0074-feel-properties-test-01","dateTime_009_a","SUCCESS",""
"compliance-level-3/0074-feel-properties","0074-feel-properties-test-01","date_001","SUCCESS",""
"compliance-level-3/0074-feel-properties","0074-feel-properties-test-01","date_002","SUCCESS",""
"compliance-level-3/0074-feel-properties","0074-feel-properties-test-01","date_003","SUCCESS",""
"compliance-level-3/0074-feel-properties","0074-feel-properties-test-01","date_004","SUCCESS",""
"compliance-level-3/0074-feel-properties","0074-feel-properties-test-01","dt_duration_001","SUCCESS",""
"compliance-level-3/0074-feel-properties","0074-feel-properties-test-01","dt_duration_002","SUCCESS",""
"compliance-level-3/0074-feel-properties","0074-feel-properties-test-01","dt_duration_003","SUCCESS",""
"compliance-level-3/0074-feel-properties","0074-feel-properties-test-01","dt_duration_003_a","SUCCESS",""
"compliance-level-3/0074-feel-properties","0074-feel-properties-test-01","dt_duration_004","SUCCESS",""
"compliance-level-3/0074-feel-properties","0074-feel-properties-test-01","dt_duration_004_a","SUCCESS",""
"compliance-level-3/0074-feel-properties","0074-feel-properties-test-01","dt_duration_005","SUCCESS",""
"compliance-level-3/0074-feel-properties","0074-feel-properties-test-01","dt_duration_005_a","SUCCESS",""
"compliance-level-3/0074-feel-properties","0074-feel-properties-test-01","dt_duration_006","SUCCESS",""
"compliance-level-3/0074-feel-properties","0074-feel-properties-test-01","dt_duration_006_a","SUCCESS",""
"compliance-level-3/0074-feel-properties","0074-feel-properties-test-01","range_001","IGNORED",""
"compliance-level-3/0074-feel-properties","0074-feel-properties-test-01","range_002","IGNORED",""
"compliance-level-3/0074-feel-properties","0074-feel-properties-test-01","range_003","IGNORED",""
"compliance-level-3/0074-feel-properties","0074-feel-properties-test-01","range_004","IGNORED",""
"compliance-level-3/0074-feel-properties","0074-feel-properties-test-01","range_005","IGNORED",""
"compliance-level-3/0074-feel-properties","0074-feel-properties-test-01","range_006","IGNORED",""
"compliance-level-3/0074-feel-properties","0074-feel-properties-test-01","range_007","IGNORED",""
"compliance-level-3/0074-feel-properties","0074-feel-properties-test-01","range_008","IGNORED",""
"compliance-level-3/0074-feel-properties","0074-feel-properties-test-01","range_009","IGNORED",""
"compliance-level-3/0074-feel-properties","0074-feel-properties-test-01","range_010","IGNORED",""
"compliance-level-3/0074-feel-properties","0074-feel-properties-test-01","range_011","IGNORED",""
"compliance-level-3/0074-feel-properties","0074-feel-properties-test-01","range_012","IGNORED",""
"compliance-level-3/0074-feel-properties","0074-feel-properties-test-01","range_013","IGNORED",""
"compliance-level-3/0074-feel-properties","0074-feel-properties-test-01","range_014","IGNORED",""
"compliance-level-3/0074-feel-properties","0074-feel-properties-test-01","range_015","IGNORED",""
"compliance-level-3/0074-feel-properties","0074-feel-properties-test-01","range_016","IGNORED",""
"compliance-level-3/0074-feel-properties","0074-feel-properties-test-01","range_017","IGNORED",""
"compliance-level-3/0074-feel-properties","0074-feel-properties-test-01","range_018","IGNORED",""
"compliance-level-3/0074-feel-properties","0074-feel-properties-test-01","range_019","IGNORED",""
"compliance-level-3/0074-feel-properties","0074-feel-properties-test-01","range_020","IGNORED",""
"compliance-level-3/0074-feel-properties","0074-feel-properties-test-01","range_021","IGNORED",""
"compliance-level-3/0074-feel-properties","0074-feel-properties-test-01","range_022","IGNORED",""
"compliance-level-3/0074-feel-properties","0074-feel-properties-test-01","range_023","IGNORED",""
"compliance-level-3/0074-feel-properties","0074-feel-properties-test-01","range_024","IGNORED",""
"compliance-level-3/0074-feel-properties","0074-feel-properties-test-01","time_001","SUCCESS",""
"compliance-level-3/0074-feel-properties","0074-feel-properties-test-01","time_002","SUCCESS",""
"compliance-level-3/0074-feel-properties","0074-feel-properties-test-01","time_003","SUCCESS",""
"compliance-level-3/0074-feel-properties","0074-feel-properties-test-01","time_004","SUCCESS",""
"compliance-level-3/0074-feel-properties","0074-feel-properties-test-01","time_004_a","SUCCESS",""
"compliance-level-3/0074-feel-properties","0074-feel-properties-test-01","time_005_a","SUCCESS",""
"compliance-level-3/0074-feel-properties","0074-feel-properties-test-01","ym_duration_001","SUCCESS",""
"compliance-level-3/0074-feel-properties","0074-feel-properties-test-01","ym_duration_001_a","SUCCESS",""
"compliance-level-3/0074-feel-properties","0074-feel-properties-test-01","ym_duration_002","SUCCESS",""
"compliance-level-3/0074-feel-properties","0074-feel-properties-test-01","ym_duration_002_a","SUCCESS",""
"compliance-level-3/0074-feel-properties","0074-feel-properties-test-01","ym_duration_003","SUCCESS",""
"compliance-level-3/0074-feel-properties","0074-feel-properties-test-01","ym_duration_004","SUCCESS",""
"compliance-level-3/0074-feel-properties","0074-feel-properties-test-01","ym_duration_005","SUCCESS",""
"compliance-level-3/0074-feel-properties","0074-feel-properties-test-01","ym_duration_006","SUCCESS",""
"compliance-level-3/0075-feel-exponent","0075-feel-exponent-test-01","decision_001","SUCCESS",""
"compliance-level-3/0075-feel-exponent","0075-feel-exponent-test-01","decision_001_a","SUCCESS",""
"compliance-level-3/0075-feel-exponent","0075-feel-exponent-test-01","decision_002","SUCCESS",""
"compliance-level-3/0075-feel-exponent","0075-feel-exponent-test-01","decision_003","SUCCESS",""
"compliance-level-3/0075-feel-exponent","0075-feel-exponent-test-01","decision_004","SUCCESS",""
"compliance-level-3/0075-feel-exponent","0075-feel-exponent-test-01","decision_005","SUCCESS",""
"compliance-level-3/0075-feel-exponent","0075-feel-exponent-test-01","decision_006","SUCCESS",""
"compliance-level-3/0075-feel-exponent","0075-feel-exponent-test-01","decision_007","SUCCESS",""
"compliance-level-3/0075-feel-exponent","0075-feel-exponent-test-01","decision_008","SUCCESS",""
"compliance-level-3/0075-feel-exponent","0075-feel-exponent-test-01","decision_009","SUCCESS",""
"compliance-level-3/0075-feel-exponent","0075-feel-exponent-test-01","decision_010","SUCCESS",""
"compliance-level-3/0075-feel-exponent","0075-feel-exponent-test-01","decision_011","SUCCESS",""
"compliance-level-3/0076-feel-external-java","0076-feel-external-java-test-01","boxed_001","IGNORED",""
"compliance-level-3/0076-feel-external-java","0076-feel-external-java-test-01","incorrect_001","IGNORED",""
"compliance-level-3/0076-feel-external-java","0076-feel-external-java-test-01","incorrect_002","IGNORED",""
"compliance-level-3/0076-feel-external-java","0076-feel-external-java-test-01","incorrect_003","IGNORED",""
"compliance-level-3/0076-feel-external-java","0076-feel-external-java-test-01","literal_001","IGNORED",""
"compliance-level-3/0076-feel-external-java","0076-feel-external-java-test-01","literal_002","IGNORED",""
"compliance-level-3/0076-feel-external-java","0076-feel-external-java-test-01","literal_003","IGNORED",""
"compliance-level-3/0076-feel-external-java","0076-feel-external-java-test-01","literal_004","IGNORED",""
"compliance-level-3/0076-feel-external-java","0076-feel-external-java-test-01","literal_005","IGNORED",""
"compliance-level-3/0076-feel-external-java","0076-feel-external-java-test-01","literal_006","IGNORED",""
"compliance-level-3/0076-feel-external-java","0076-feel-external-java-test-01","literal_007","IGNORED",""
"compliance-level-3/0076-feel-external-java","0076-feel-external-java-test-01","literal_007_a","IGNORED",""
"compliance-level-3/0076-feel-external-java","0076-feel-external-java-test-01","literal_008","IGNORED",""
"compliance-level-3/0076-feel-external-java","0076-feel-external-java-test-01","literal_009","IGNORED",""
"compliance-level-3/0076-feel-external-java","0076-feel-external-java-test-01","literal_010","IGNORED",""
"compliance-level-3/0076-feel-external-java","0076-feel-external-java-test-01","literal_011","IGNORED",""
"compliance-level-3/0076-feel-external-java","0076-feel-external-java-test-01","literal_012","IGNORED",""
"compliance-level-3/0076-feel-external-java","0076-feel-external-java-test-01","varargs_001","IGNORED",""
"compliance-level-3/0077-feel-nan","0077-feel-nan-test-01","decision_001","SUCCESS",""
"compliance-level-3/0078-feel-infinity","0078-feel-infinity-test-01","decision_001","SUCCESS",""
"compliance-level-3/0078-feel-infinity","0078-feel-infinity-test-01","decision_002","SUCCESS",""
"compliance-level-3/0080-feel-getvalue-function","0080-feel-getvalue-function-test-01","decision_001","SUCCESS",""
"compliance-level-3/0080-feel-getvalue-function","0080-feel-getvalue-function-test-01","decision_002","SUCCESS",""
"compliance-level-3/0080-feel-getvalue-function","0080-feel-getvalue-function-test-01","decision_003","SUCCESS",""
"compliance-level-3/0080-feel-getvalue-function","0080-feel-getvalue-function-test-01","decision_004","SUCCESS",""
"compliance-level-3/0080-feel-getvalue-function","0080-feel-getvalue-function-test-01","decision_005","SUCCESS",""
"compliance-level-3/0080-feel-getvalue-function","0080-feel-getvalue-function-test-01","decision_006","SUCCESS",""
"compliance-level-3/0080-feel-getvalue-function","0080-feel-getvalue-function-test-01","decision_007","SUCCESS",""
"compliance-level-3/0080-feel-getvalue-function","0080-feel-getvalue-function-test-01","decision_008","SUCCESS",""
"compliance-level-3/0080-feel-getvalue-function","0080-feel-getvalue-function-test-01","decision_009","SUCCESS",""
"compliance-level-3/0080-feel-getvalue-function","0080-feel-getvalue-function-test-01","decision_010","SUCCESS",""
"compliance-level-3/0080-feel-getvalue-function","0080-feel-getvalue-function-test-01","decision_011","SUCCESS",""
"compliance-level-3/0080-feel-getvalue-function","0080-feel-getvalue-function-test-01","decision_012","SUCCESS",""
"compliance-level-3/0080-feel-getvalue-function","0080-feel-getvalue-function-test-01","decision_013","SUCCESS",""
"compliance-level-3/0080-feel-getvalue-function","0080-feel-getvalue-function-test-01","decision_014","SUCCESS",""
"compliance-level-3/0081-feel-getentries-function","0081-feel-getentries-function-test-01","decision_001","SUCCESS",""
"compliance-level-3/0081-feel-getentries-function","0081-feel-getentries-function-test-01","decision_002","SUCCESS",""
"compliance-level-3/0081-feel-getentries-function","0081-feel-getentries-function-test-01","decision_003","SUCCESS",""
"compliance-level-3/0081-feel-getentries-function","0081-feel-getentries-function-test-01","decision_004","IGNORED",""
"compliance-level-3/0081-feel-getentries-function","0081-feel-getentries-function-test-01","decision_005","IGNORED",""
"compliance-level-3/0081-feel-getentries-function","0081-feel-getentries-function-test-01","decision_006","SUCCESS",""
"compliance-level-3/0081-feel-getentries-function","0081-feel-getentries-function-test-01","decision_007","SUCCESS",""
"compliance-level-3/0081-feel-getentries-function","0081-feel-getentries-function-test-01","decision_008","SUCCESS",""
"compliance-level-3/0081-feel-getentries-function","0081-feel-getentries-function-test-01","decision_009","SUCCESS",""
"compliance-level-3/0082-feel-coercion","0082-feel-coercion-test-01","decisionService_001","IGNORED",""
"compliance-level-3/0082-feel-coercion","0082-feel-coercion-test-01","decisionService_002","IGNORED",""
"compliance-level-3/0082-feel-coercion","0082-feel-coercion-test-01","decisionService_002_a","SUCCESS",""
"compliance-level-3/0082-feel-coercion","0082-feel-coercion-test-01","decisionService_002_b","IGNORED",""
"compliance-level-3/0082-feel-coercion","0082-feel-coercion-test-01","decisionService_002_c","IGNORED",""
"compliance-level-3/0082-feel-coercion","0082-feel-coercion-test-01","decision_001","IGNORED",""
"compliance-level-3/0082-feel-coercion","0082-feel-coercion-test-01","decision_003","IGNORED",""
"compliance-level-3/0082-feel-coercion","0082-feel-coercion-test-01","decision_004","SUCCESS",""
"compliance-level-3/0082-feel-coercion","0082-feel-coercion-test-01","decision_005","IGNORED",""
"compliance-level-3/0082-feel-coercion","0082-feel-coercion-test-01","decision_006_a","IGNORED",""
"compliance-level-3/0082-feel-coercion","0082-feel-coercion-test-01","decision_007","IGNORED",""
"compliance-level-3/0082-feel-coercion","0082-feel-coercion-test-01","decision_007_a","IGNORED",""
"compliance-level-3/0082-feel-coercion","0082-feel-coercion-test-01","decision_008","SUCCESS",""
"compliance-level-3/0082-feel-coercion","0082-feel-coercion-test-01","decision_bkm_001","IGNORED",""
"compliance-level-3/0082-feel-coercion","0082-feel-coercion-test-01","decision_bkm_002","IGNORED",""
"compliance-level-3/0082-feel-coercion","0082-feel-coercion-test-01","decision_bkm_003","SUCCESS",""
"compliance-level-3/0082-feel-coercion","0082-feel-coercion-test-01","decision_bkm_004_a","SUCCESS",""
"compliance-level-3/0082-feel-coercion","0082-feel-coercion-test-01","decision_bkm_004_b","IGNORED",""
"compliance-level-3/0082-feel-coercion","0082-feel-coercion-test-01","decision_bkm_005","IGNORED",""
"compliance-level-3/0082-feel-coercion","0082-feel-coercion-test-01","decision_bkm_005_a","SUCCESS",""
"compliance-level-3/0082-feel-coercion","0082-feel-coercion-test-01","fd_001","IGNORED",""
"compliance-level-3/0082-feel-coercion","0082-feel-coercion-test-01","fd_002","IGNORED",""
"compliance-level-3/0082-feel-coercion","0082-feel-coercion-test-01","invoke_001","IGNORED",""
"compliance-level-3/0082-feel-coercion","0082-feel-coercion-test-01","invoke_002","IGNORED",""
"compliance-level-3/0082-feel-coercion","0082-feel-coercion-test-01","invoke_004","IGNORED",""
"compliance-level-3/0082-feel-coercion","0082-feel-coercion-test-01","invoke_005","IGNORED",""
"compliance-level-3/0082-feel-coercion","0082-feel-coercion-test-01","invoke_006","IGNORED",""
"compliance-level-3/0082-feel-coercion","0082-feel-coercion-test-01","literal_001","SUCCESS",""
"compliance-level-3/0082-feel-coercion","0082-feel-coercion-test-01","literal_002","IGNORED",""
"compliance-level-3/0082-feel-coercion","0082-feel-coercion-test-01","literal_004","IGNORED",""
"compliance-level-3/0082-feel-coercion","0082-feel-coercion-test-01","literal_005","IGNORED",""
"compliance-level-3/0082-feel-coercion","0082-feel-coercion-test-01","literal_006","IGNORED",""
"compliance-level-3/0083-feel-unicode","0083-feel-unicode-test-01","decision_001","IGNORED",""
"compliance-level-3/0083-feel-unicode","0083-feel-unicode-test-01","decision_001_a","IGNORED",""
"compliance-level-3/0083-feel-unicode","0083-feel-unicode-test-01","decision_001_b","IGNORED",""
"compliance-level-3/0083-feel-unicode","0083-feel-unicode-test-01","decision_002","IGNORED",""
"compliance-level-3/0083-feel-unicode","0083-feel-unicode-test-01","decision_003","IGNORED",""
"compliance-level-3/0083-feel-unicode","0083-feel-unicode-test-01","decision_003_a","IGNORED",""
"compliance-level-3/0083-feel-unicode","0083-feel-unicode-test-01","decision_004","IGNORED",""
"compliance-level-3/0083-feel-unicode","0083-feel-unicode-test-01","decision_004_a","IGNORED",""
"compliance-level-3/0083-feel-unicode","0083-feel-unicode-test-01","decision_005","SUCCESS",""
"compliance-level-3/0083-feel-unicode","0083-feel-unicode-test-01","decision_005_a","IGNORED",""
"compliance-level-3/0083-feel-unicode","0083-feel-unicode-test-01","decision_006","IGNORED",""
"compliance-level-3/0083-feel-unicode","0083-feel-unicode-test-01","decision_007","IGNORED",""
"compliance-level-3/0083-feel-unicode","0083-feel-unicode-test-01","endswith_001","SUCCESS",""
"compliance-level-3/0083-feel-unicode","0083-feel-unicode-test-01","substring_004","IGNORED",""
"compliance-level-3/0084-feel-for-loops","0084-feel-for-loops-test-01","decision_001","SUCCESS",""
"compliance-level-3/0084-feel-for-loops","0084-feel-for-loops-test-01","decision_002","SUCCESS",""
"compliance-level-3/0084-feel-for-loops","0084-feel-for-loops-test-01","decision_003","SUCCESS",""
"compliance-level-3/0084-feel-for-loops","0084-feel-for-loops-test-01","decision_007","SUCCESS",""
"compliance-level-3/0084-feel-for-loops","0084-feel-for-loops-test-01","decision_008","SUCCESS",""
"compliance-level-3/0084-feel-for-loops","0084-feel-for-loops-test-01","decision_009","SUCCESS",""
"compliance-level-3/0084-feel-for-loops","0084-feel-for-loops-test-01","decision_010","SUCCESS",""
"compliance-level-3/0084-feel-for-loops","0084-feel-for-loops-test-01","decision_011","SUCCESS",""
"compliance-level-3/0084-feel-for-loops","0084-feel-for-loops-test-01","decision_012","SUCCESS",""
"compliance-level-3/0084-feel-for-loops","0084-feel-for-loops-test-01","decision_013","SUCCESS",""
"compliance-level-3/0084-feel-for-loops","0084-feel-for-loops-test-01","decision_014","IGNORED",""
"compliance-level-3/0085-decision-services","0085-decision-services-test-01","001","IGNORED",""
"compliance-level-3/0085-decision-services","0085-decision-services-test-01","002","IGNORED",""
"compliance-level-3/0085-decision-services","0085-decision-services-test-01","002_a","IGNORED",""
"compliance-level-3/0085-decision-services","0085-decision-services-test-01","002_b","IGNORED",""
"compliance-level-3/0085-decision-services","0085-decision-services-test-01","002_c","IGNORED",""
"compliance-level-3/0085-decision-services","0085-decision-services-test-01","003","IGNORED",""
"compliance-level-3/0085-decision-services","0085-decision-services-test-01","004","IGNORED",""
"compliance-level-3/0085-decision-services","0085-decision-services-test-01","005","IGNORED",""
"compliance-level-3/0085-decision-services","0085-decision-services-test-01","006","IGNORED",""
"compliance-level-3/0085-decision-services","0085-decision-services-test-01","007","IGNORED",""
"compliance-level-3/0085-decision-services","0085-decision-services-test-01","008","IGNORED",""
"compliance-level-3/0085-decision-services","0085-decision-services-test-01","009","IGNORED",""
"compliance-level-3/0085-decision-services","0085-decision-services-test-01","010","IGNORED",""
"compliance-level-3/0085-decision-services","0085-decision-services-test-01","011","IGNORED",""
"compliance-level-3/0085-decision-services","0085-decision-services-test-01","012","IGNORED",""
"compliance-level-3/0085-decision-services","0085-decision-services-test-01","013","IGNORED",""
"compliance-level-3/0085-decision-services","0085-decision-services-test-01","014","IGNORED",""
"compliance-level-3/0086-import","0086-import-test-01","test_001","IGNORED",""
"compliance-level-3/0086-import","0086-import-test-01","test_002","IGNORED",""
"compliance-level-3/0087-chapter-11-example","0087-chapter-11-example-test-01","001","IGNORED",""
"compliance-level-3/0087-chapter-11-example","0087-chapter-11-example-test-01","002","IGNORED",""
"compliance-level-3/0087-chapter-11-example","0087-chapter-11-example-test-01","003a","IGNORED",""
"compliance-level-3/0087-chapter-11-example","0087-chapter-11-example-test-01","003b","IGNORED",""
"compliance-level-3/0087-chapter-11-example","0087-chapter-11-example-test-01","003c","IGNORED",""
"compliance-level-3/0087-chapter-11-example","0087-chapter-11-example-test-01","003d","IGNORED",""
"compliance-level-3/0087-chapter-11-example","0087-chapter-11-example-test-01","003e","IGNORED",""
"compliance-level-3/0087-chapter-11-example","0087-chapter-11-example-test-01","004","IGNORED",""
"compliance-level-3/0088-no-decision-logic","0088-no-decision-logic-test-01","001","IGNORED",""
"compliance-level-3/0089-nested-inputdata-imports","0089-nested-inputdata-imports-test-01","001","IGNORED",""
"compliance-level-3/0090-feel-paths","0090-feel-paths-test-01","nested_list_001","SUCCESS",""
"compliance-level-3/0090-feel-paths","0090-feel-paths-test-01","nested_list_002","SUCCESS",""
"compliance-level-3/0090-feel-paths","0090-feel-paths-test-01","nested_list_003","SUCCESS",""
"compliance-level-3/0090-feel-paths","0090-feel-paths-test-01","nested_list_004","SUCCESS",""
"compliance-level-3/0092-feel-lambda","0092-feel-lambda-test-01","001","IGNORED",""
"compliance-level-3/0092-feel-lambda","0092-feel-lambda-test-01","002","IGNORED",""
"compliance-level-3/0092-feel-lambda","0092-feel-lambda-test-01","003","IGNORED",""
"compliance-level-3/0092-feel-lambda","0092-feel-lambda-test-01","004","IGNORED",""
"compliance-level-3/0092-feel-lambda","0092-feel-lambda-test-01","005","IGNORED",""
"compliance-level-3/0092-feel-lambda","0092-feel-lambda-test-01","006","IGNORED",""
"compliance-level-3/0092-feel-lambda","0092-feel-lambda-test-01","007","IGNORED",""
"compliance-level-3/0092-feel-lambda","0092-feel-lambda-test-01","008","IGNORED",""
"compliance-level-3/0092-feel-lambda","0092-feel-lambda-test-01","009","IGNORED",""
"compliance-level-3/0092-feel-lambda","0092-feel-lambda-test-01","010","IGNORED",""
"compliance-level-3/0092-feel-lambda","0092-feel-lambda-test-01","010_a","IGNORED",""
"compliance-level-3/0092-feel-lambda","0092-feel-lambda-test-01","011","IGNORED",""
"compliance-level-3/0092-feel-lambda","0092-feel-lambda-test-01","012","IGNORED",""
"compliance-level-3/0092-feel-lambda","0092-feel-lambda-test-01","013","IGNORED",""
"compliance-level-3/0092-feel-lambda","0092-feel-lambda-test-01","014","IGNORED",""
"compliance-level-3/0092-feel-lambda","0092-feel-lambda-test-01","015","IGNORED",""
"compliance-level-3/0092-feel-lambda","0092-feel-lambda-test-01","016","IGNORED",""
"compliance-level-3/0092-feel-lambda","0092-feel-lambda-test-01","017","IGNORED",""
"compliance-level-3/0092-feel-lambda","0092-feel-lambda-test-01","018","IGNORED",""
"compliance-level-3/0093-feel-at-literals","0093-feel-at-literals-test-01","date_001","IGNORED",""
"compliance-level-3/0093-feel-at-literals","0093-feel-at-literals-test-01","date_002","IGNORED",""
"compliance-level-3/0093-feel-at-literals","0093-feel-at-literals-test-01","datetime_001","IGNORED",""
"compliance-level-3/0093-feel-at-literals","0093-feel-at-literals-test-01","datetime_002","IGNORED",""
"compliance-level-3/0093-feel-at-literals","0093-feel-at-literals-test-01","datetime_003","IGNORED",""
"compliance-level-3/0093-feel-at-literals","0093-feel-at-literals-test-01","datetime_004","IGNORED",""
"compliance-level-3/0093-feel-at-literals","0093-feel-at-literals-test-01","datetime_005","IGNORED",""
"compliance-level-3/0093-feel-at-literals","0093-feel-at-literals-test-01","datetime_006","IGNORED",""
"compliance-level-3/0093-feel-at-literals","0093-feel-at-literals-test-01","dt_duration_001","IGNORED",""
"compliance-level-3/0093-feel-at-literals","0093-feel-at-literals-test-01","dt_duration_002","IGNORED",""
"compliance-level-3/0093-feel-at-literals","0093-feel-at-literals-test-01","test_001","SUCCESS",""
"compliance-level-3/0093-feel-at-literals","0093-feel-at-literals-test-01","time_001","IGNORED",""
"compliance-level-3/0093-feel-at-literals","0093-feel-at-literals-test-01","time_002","IGNORED",""
"compliance-level-3/0093-feel-at-literals","0093-feel-at-literals-test-01","time_003","IGNORED",""
"compliance-level-3/0093-feel-at-literals","0093-feel-at-literals-test-01","time_004","IGNORED",""
"compliance-level-3/0093-feel-at-literals","0093-feel-at-literals-test-01","time_005","IGNORED",""
"compliance-level-3/0093-feel-at-literals","0093-feel-at-literals-test-01","time_006","IGNORED",""
"compliance-level-3/0093-feel-at-literals","0093-feel-at-literals-test-01","ym_duration_001","IGNORED",""
"compliance-level-3/0093-feel-at-literals","0093-feel-at-literals-test-01","ym_duration_002","IGNORED",""
"compliance-level-3/0094-feel-product-function","0094-feel-product-function-test-01","001","SUCCESS",""
"compliance-level-3/0094-feel-product-function","0094-feel-product-function-test-01","002","SUCCESS",""
"compliance-level-3/0094-feel-product-function","0094-feel-product-function-test-01","003","SUCCESS",""
"compliance-level-3/0094-feel-product-function","0094-feel-product-function-test-01","003_a","SUCCESS",""
"compliance-level-3/0094-feel-product-function","0094-feel-product-function-test-01","004","SUCCESS",""
"compliance-level-3/0094-feel-product-function","0094-feel-product-function-test-01","005","SUCCESS",""
"compliance-level-3/0094-feel-product-function","0094-feel-product-function-test-01","006","SUCCESS",""
"compliance-level-3/0094-feel-product-function","0094-feel-product-function-test-01","007","SUCCESS",""
"compliance-level-3/0094-feel-product-function","0094-feel-product-function-test-01","008","SUCCESS",""
"compliance-level-3/0094-feel-product-function","0094-feel-product-function-test-01","008_a","SUCCESS",""
"compliance-level-3/0094-feel-product-function","0094-feel-product-function-test-01","011","SUCCESS",""
"compliance-level-3/0094-feel-product-function","0094-feel-product-function-test-01","012","SUCCESS",""
"compliance-level-3/0094-feel-product-function","0094-feel-product-function-test-01","013","SUCCESS",""
"compliance-level-3/0095-feel-day-of-year-function","0095-feel-day-of-year-function-test-01","date_001","IGNORED",""
"compliance-level-3/0095-feel-day-of-year-function","0095-feel-day-of-year-function-test-01","date_002","IGNORED",""
"compliance-level-3/0095-feel-day-of-year-function","0095-feel-day-of-year-function-test-01","date_003","IGNORED",""
"compliance-level-3/0095-feel-day-of-year-function","0095-feel-day-of-year-function-test-01","date_004","IGNORED",""
"compliance-level-3/0095-feel-day-of-year-function","0095-feel-day-of-year-function-test-01","date_005","SUCCESS",""
"compliance-level-3/0095-feel-day-of-year-function","0095-feel-day-of-year-function-test-01","date_006","IGNORED",""
"compliance-level-3/0095-feel-day-of-year-function","0095-feel-day-of-year-function-test-01","datetime_001","IGNORED",""
"compliance-level-3/0095-feel-day-of-year-function","0095-feel-day-of-year-function-test-01","datetime_002","IGNORED",""
"compliance-level-3/0095-feel-day-of-year-function","0095-feel-day-of-year-function-test-01","datetime_003","IGNORED",""
"compliance-level-3/0095-feel-day-of-year-function","0095-feel-day-of-year-function-test-01","datetime_004","SUCCESS",""
"compliance-level-3/0095-feel-day-of-year-function","0095-feel-day-of-year-function-test-01","datetime_005","IGNORED",""
"compliance-level-3/0095-feel-day-of-year-function","0095-feel-day-of-year-function-test-01","null_001","SUCCESS",""
"compliance-level-3/0095-feel-day-of-year-function","0095-feel-day-of-year-function-test-01","null_002","SUCCESS",""
"compliance-level-3/0095-feel-day-of-year-function","0095-feel-day-of-year-function-test-01","null_003","SUCCESS",""
"compliance-level-3/0095-feel-day-of-year-function","0095-feel-day-of-year-function-test-01","null_004","SUCCESS",""
"compliance-level-3/0095-feel-day-of-year-function","0095-feel-day-of-year-function-test-01","null_005","SUCCESS",""
"compliance-level-3/0095-feel-day-of-year-function","0095-feel-day-of-year-function-test-01","null_006","SUCCESS",""
"compliance-level-3/0095-feel-day-of-year-function","0095-feel-day-of-year-function-test-01","null_007","SUCCESS",""
"compliance-level-3/0095-feel-day-of-year-function","0095-feel-day-of-year-function-test-01","null_008","SUCCESS",""
"compliance-level-3/0096-feel-day-of-week-function","0096-feel-day-of-week-function-test-01","date_001","IGNORED",""
"compliance-level-3/0096-feel-day-of-week-function","0096-feel-day-of-week-function-test-01","date_002","IGNORED",""
"compliance-level-3/0096-feel-day-of-week-function","0096-feel-day-of-week-function-test-01","datetime_001","IGNORED",""
"compliance-level-3/0096-feel-day-of-week-function","0096-feel-day-of-week-function-test-01","datetime_002","IGNORED",""
"compliance-level-3/0096-feel-day-of-week-function","0096-feel-day-of-week-function-test-01","null_001","SUCCESS",""
"compliance-level-3/0096-feel-day-of-week-function","0096-feel-day-of-week-function-test-01","null_002","SUCCESS",""
"compliance-level-3/0096-feel-day-of-week-function","0096-feel-day-of-week-function-test-01","null_003","SUCCESS",""
"compliance-level-3/0096-feel-day-of-week-function","0096-feel-day-of-week-function-test-01","null_004","SUCCESS",""
"compliance-level-3/0096-feel-day-of-week-function","0096-feel-day-of-week-function-test-01","null_005","SUCCESS",""
"compliance-level-3/0096-feel-day-of-week-function","0096-feel-day-of-week-function-test-01","null_006","SUCCESS",""
"compliance-level-3/0096-feel-day-of-week-function","0096-feel-day-of-week-function-test-01","null_007","SUCCESS",""
"compliance-level-3/0096-feel-day-of-week-function","0096-feel-day-of-week-function-test-01","null_008","SUCCESS",""
"compliance-level-3/0097-feel-month-of-year-function","0097-feel-month-of-year-function-test-01","date_001","IGNORED",""
"compliance-level-3/0097-feel-month-of-year-function","0097-feel-month-of-year-function-test-01","date_002","IGNORED",""
"compliance-level-3/0097-feel-month-of-year-function","0097-feel-month-of-year-function-test-01","datetime_001","IGNORED",""
"compliance-level-3/0097-feel-month-of-year-function","0097-feel-month-of-year-function-test-01","datetime_002","IGNORED",""
"compliance-level-3/0097-feel-month-of-year-function","0097-feel-month-of-year-function-test-01","null_001","SUCCESS",""
"compliance-level-3/0097-feel-month-of-year-function","0097-feel-month-of-year-function-test-01","null_002","SUCCESS",""
"compliance-level-3/0097-feel-month-of-year-function","0097-feel-month-of-year-function-test-01","null_003","SUCCESS",""
"compliance-level-3/0097-feel-month-of-year-function","0097-feel-month-of-year-function-test-01","null_004","SUCCESS",""
"compliance-level-3/0097-feel-month-of-year-function","0097-feel-month-of-year-function-test-01","null_005","SUCCESS",""
"compliance-level-3/0097-feel-month-of-year-function","0097-feel-month-of-year-function-test-01","null_006","SUCCESS",""
"compliance-level-3/0097-feel-month-of-year-function","0097-feel-month-of-year-function-test-01","null_007","SUCCESS",""
"compliance-level-3/0097-feel-month-of-year-function","0097-feel-month-of-year-function-test-01","null_008","SUCCESS",""
"compliance-level-3/0098-feel-week-of-year-function","0098-feel-week-of-year-function-test-01","date_001","IGNORED",""
"compliance-level-3/0098-feel-week-of-year-function","0098-feel-week-of-year-function-test-01","date_002","IGNORED",""
"compliance-level-3/0098-feel-week-of-year-function","0098-feel-week-of-year-function-test-01","date_003","IGNORED",""
"compliance-level-3/0098-feel-week-of-year-function","0098-feel-week-of-year-function-test-01","date_004","IGNORED",""
"compliance-level-3/0098-feel-week-of-year-function","0098-feel-week-of-year-function-test-01","date_005","IGNORED",""
"compliance-level-3/0098-feel-week-of-year-function","0098-feel-week-of-year-function-test-01","date_006","SUCCESS",""
"compliance-level-3/0098-feel-week-of-year-function","0098-feel-week-of-year-function-test-01","date_007","IGNORED",""
"compliance-level-3/0098-feel-week-of-year-function","0098-feel-week-of-year-function-test-01","date_008","IGNORED",""
"compliance-level-3/0098-feel-week-of-year-function","0098-feel-week-of-year-function-test-01","datetime_001","IGNORED",""
"compliance-level-3/0098-feel-week-of-year-function","0098-feel-week-of-year-function-test-01","datetime_004","SUCCESS",""
"compliance-level-3/0098-feel-week-of-year-function","0098-feel-week-of-year-function-test-01","datetime_005","IGNORED",""
"compliance-level-3/0098-feel-week-of-year-function","0098-feel-week-of-year-function-test-01","null_001","SUCCESS",""
"compliance-level-3/0098-feel-week-of-year-function","0098-feel-week-of-year-function-test-01","null_002","SUCCESS",""
"compliance-level-3/0098-feel-week-of-year-function","0098-feel-week-of-year-function-test-01","null_003","SUCCESS",""
"compliance-level-3/0098-feel-week-of-year-function","0098-feel-week-of-year-function-test-01","null_004","SUCCESS",""
"compliance-level-3/0098-feel-week-of-year-function","0098-feel-week-of-year-function-test-01","null_005","SUCCESS",""
"compliance-level-3/0098-feel-week-of-year-function","0098-feel-week-of-year-function-test-01","null_006","SUCCESS",""
"compliance-level-3/0098-feel-week-of-year-function","0098-feel-week-of-year-function-test-01","null_007","SUCCESS",""
"compliance-level-3/0098-feel-week-of-year-function","0098-feel-week-of-year-function-test-01","null_008","SUCCESS",""
"compliance-level-3/0099-arithmetic-negation","0099-arithmetic-negation-test-01","decision_001","SUCCESS",""
"compliance-level-3/0099-arithmetic-negation","0099-arithmetic-negation-test-01","decision_002","SUCCESS",""
"compliance-level-3/0099-arithmetic-negation","0099-arithmetic-negation-test-01","decision_005","SUCCESS",""
"compliance-level-3/0099-arithmetic-negation","0099-arithmetic-negation-test-01","decision_006","SUCCESS",""
"compliance-level-3/0099-arithmetic-negation","0099-arithmetic-negation-test-01","decision_007","SUCCESS",""
"compliance-level-3/0099-arithmetic-negation","0099-arithmetic-negation-test-01","decision_008","SUCCESS",""
"compliance-level-3/0099-arithmetic-negation","0099-arithmetic-negation-test-01","decision_009","SUCCESS",""
"compliance-level-3/0099-arithmetic-negation","0099-arithmetic-negation-test-01","decision_010","SUCCESS",""
"compliance-level-3/0099-arithmetic-negation","0099-arithmetic-negation-test-01","decision_011","SUCCESS",""
"compliance-level-3/0099-arithmetic-negation","0099-arithmetic-negation-test-01","decision_012","IGNORED",""
"compliance-level-3/0103-feel-is-function","0103-feel-is-function-test-01","boolean_001","IGNORED",""
"compliance-level-3/0103-feel-is-function","0103-feel-is-function-test-01","boolean_002","IGNORED",""
"compliance-level-3/0103-feel-is-function","0103-feel-is-function-test-01","date_001","IGNORED",""
"compliance-level-3/0103-feel-is-function","0103-feel-is-function-test-01","date_002","IGNORED",""
"compliance-level-3/0103-feel-is-function","0103-feel-is-function-test-01","date_003","IGNORED",""
"compliance-level-3/0103-feel-is-function","0103-feel-is-function-test-01","date_004","IGNORED",""
"compliance-level-3/0103-feel-is-function","0103-feel-is-function-test-01","date_005","IGNORED",""
"compliance-level-3/0103-feel-is-function","0103-feel-is-function-test-01","datetime_001","IGNORED",""
"compliance-level-3/0103-feel-is-function","0103-feel-is-function-test-01","datetime_002","IGNORED",""
"compliance-level-3/0103-feel-is-function","0103-feel-is-function-test-01","datetime_003","IGNORED",""
"compliance-level-3/0103-feel-is-function","0103-feel-is-function-test-01","datetime_004","IGNORED",""
"compliance-level-3/0103-feel-is-function","0103-feel-is-function-test-01","datetime_005","IGNORED",""
"compliance-level-3/0103-feel-is-function","0103-feel-is-function-test-01","datetime_006","IGNORED",""
"compliance-level-3/0103-feel-is-function","0103-feel-is-function-test-01","datetime_007","IGNORED",""
"compliance-level-3/0103-feel-is-function","0103-feel-is-function-test-01","datetime_008","IGNORED",""
"compliance-level-3/0103-feel-is-function","0103-feel-is-function-test-01","datetime_009","IGNORED",""
"compliance-level-3/0103-feel-is-function","0103-feel-is-function-test-01","datetime_010","IGNORED",""
"compliance-level-3/0103-feel-is-function","0103-feel-is-function-test-01","datetime_011","IGNORED",""
"compliance-level-3/0103-feel-is-function","0103-feel-is-function-test-01","datetime_012","IGNORED",""
"compliance-level-3/0103-feel-is-function","0103-feel-is-function-test-01","datetime_013","IGNORED",""
"compliance-level-3/0103-feel-is-function","0103-feel-is-function-test-01","datetime_014","IGNORED",""
"compliance-level-3/0103-feel-is-function","0103-feel-is-function-test-01","datetime_015","IGNORED",""
"compliance-level-3/0103-feel-is-function","0103-feel-is-function-test-01","datetime_016","IGNORED",""
"compliance-level-3/0103-feel-is-function","0103-feel-is-function-test-01","datetime_017","IGNORED",""
"compliance-level-3/0103-feel-is-function","0103-feel-is-function-test-01","dt_duration_001","IGNORED",""
"compliance-level-3/0103-feel-is-function","0103-feel-is-function-test-01","dt_duration_002","IGNORED",""
"compliance-level-3/0103-feel-is-function","0103-feel-is-function-test-01","named_params_001","IGNORED",""
"compliance-level-3/0103-feel-is-function","0103-feel-is-function-test-01","named_params_002","IGNORED",""
"compliance-level-3/0103-feel-is-function","0103-feel-is-function-test-01","named_params_003","IGNORED",""
"compliance-level-3/0103-feel-is-function","0103-feel-is-function-test-01","named_params_004","SUCCESS",""
"compliance-level-3/0103-feel-is-function","0103-feel-is-function-test-01","number_001","IGNORED",""
"compliance-level-3/0103-feel-is-function","0103-feel-is-function-test-01","number_002","IGNORED",""
"compliance-level-3/0103-feel-is-function","0103-feel-is-function-test-01","string_001","IGNORED",""
"compliance-level-3/0103-feel-is-function","0103-feel-is-function-test-01","string_002","IGNORED",""
"compliance-level-3/0103-feel-is-function","0103-feel-is-function-test-01","time_001","IGNORED",""
"compliance-level-3/0103-feel-is-function","0103-feel-is-function-test-01","time_002","IGNORED",""
"compliance-level-3/0103-feel-is-function","0103-feel-is-function-test-01","time_003","IGNORED",""
"compliance-level-3/0103-feel-is-function","0103-feel-is-function-test-01","time_004","IGNORED",""
"compliance-level-3/0103-feel-is-function","0103-feel-is-function-test-01","time_005","IGNORED",""
"compliance-level-3/0103-feel-is-function","0103-feel-is-function-test-01","time_006","IGNORED",""
"compliance-level-3/0103-feel-is-function","0103-feel-is-function-test-01","time_007","IGNORED",""
"compliance-level-3/0103-feel-is-function","0103-feel-is-function-test-01","time_008","IGNORED",""
"compliance-level-3/0103-feel-is-function","0103-feel-is-function-test-01","time_009","IGNORED",""
"compliance-level-3/0103-feel-is-function","0103-feel-is-function-test-01","time_010","IGNORED",""
"compliance-level-3/0103-feel-is-function","0103-feel-is-function-test-01","time_011","IGNORED",""
"compliance-level-3/0103-feel-is-function","0103-feel-is-function-test-01","time_012","IGNORED",""
"compliance-level-3/0103-feel-is-function","0103-feel-is-function-test-01","time_013","IGNORED",""
"compliance-level-3/0103-feel-is-function","0103-feel-is-function-test-01","ym_duration_001","IGNORED",""
"compliance-level-3/0103-feel-is-function","0103-feel-is-function-test-01","ym_duration_002","IGNORED",""
"compliance-level-3/0103-feel-is-function","0103-feel-is-function-test-01","zero_duration_001","IGNORED",""
"compliance-level-3/1100-feel-decimal-function","1100-feel-decimal-function-test-01","001_af177e63fc","SUCCESS",""
"compliance-level-3/1100-feel-decimal-function","1100-feel-decimal-function-test-01","002_f4ed9cd487","SUCCESS",""
"compliance-level-3/1100-feel-decimal-function","1100-feel-decimal-function-test-01","003_2d50ec7ffc","SUCCESS",""
"compliance-level-3/1100-feel-decimal-function","1100-feel-decimal-function-test-01","004_bb6f445d2c","SUCCESS",""
"compliance-level-3/1100-feel-decimal-function","1100-feel-decimal-function-test-01","005_55d33eadf6","SUCCESS",""
"compliance-level-3/1100-feel-decimal-function","1100-feel-decimal-function-test-01","006_d9661e1d45","SUCCESS",""
"compliance-level-3/1100-feel-decimal-function","1100-feel-decimal-function-test-01","007_49f7a22058","SUCCESS",""
"compliance-level-3/1100-feel-decimal-function","1100-feel-decimal-function-test-01","008_73e4f1c8b9","SUCCESS",""
"compliance-level-3/1100-feel-decimal-function","1100-feel-decimal-function-test-01","009_398b94286e","SUCCESS",""
"compliance-level-3/1100-feel-decimal-function","1100-feel-decimal-function-test-01","010_4b46e59c8b","SUCCESS",""
"compliance-level-3/1101-feel-floor-function","1101-feel-floor-function-test-01","001_75592d0dee","SUCCESS",""
"compliance-level-3/1101-feel-floor-function","1101-feel-floor-function-test-01","002_6fea586853","SUCCESS",""
"compliance-level-3/1101-feel-floor-function","1101-feel-floor-function-test-01","003_cbae05445d","SUCCESS",""
"compliance-level-3/1101-feel-floor-function","1101-feel-floor-function-test-01","004_30f6d26798","SUCCESS",""
"compliance-level-3/1101-feel-floor-function","1101-feel-floor-function-test-01","005_dd970ad275","SUCCESS",""
"compliance-level-3/1101-feel-floor-function","1101-feel-floor-function-test-01","006_1223620d9c","SUCCESS",""
"compliance-level-3/1102-feel-ceiling-function","1102-feel-ceiling-function-test-01","001_3df249d9c6","SUCCESS",""
"compliance-level-3/1102-feel-ceiling-function","1102-feel-ceiling-function-test-01","002_1052993cd8","SUCCESS",""
"compliance-level-3/1102-feel-ceiling-function","1102-feel-ceiling-function-test-01","003_ca33989df5","SUCCESS",""
"compliance-level-3/1102-feel-ceiling-function","1102-feel-ceiling-function-test-01","004_be4a3e809c","SUCCESS",""
"compliance-level-3/1102-feel-ceiling-function","1102-feel-ceiling-function-test-01","005_cc56ed5373","SUCCESS",""
"compliance-level-3/1102-feel-ceiling-function","1102-feel-ceiling-function-test-01","006_bbdf3bf8d7","SUCCESS",""
"compliance-level-3/1103-feel-substring-function","1103-feel-substring-function-test-01","001_53051b5628","SUCCESS",""
"compliance-level-3/1103-feel-substring-function","1103-feel-substring-function-test-01","002_03d12b93f0","SUCCESS",""
"compliance-level-3/1103-feel-substring-function","1103-feel-substring-function-test-01","003_6d06b1d2ec","SUCCESS",""
"compliance-level-3/1103-feel-substring-function","1103-feel-substring-function-test-01","004_938a24e7af","SUCCESS",""
"compliance-level-3/1103-feel-substring-function","1103-feel-substring-function-test-01","005_21fcca286c","SUCCESS",""
"compliance-level-3/1103-feel-substring-function","1103-feel-substring-function-test-01","006_253e533bc6","SUCCESS",""
"compliance-level-3/1103-feel-substring-function","1103-feel-substring-function-test-01","007_3e021f33a8","SUCCESS",""
"compliance-level-3/1103-feel-substring-function","1103-feel-substring-function-test-01","008_ddeffdc93e","SUCCESS",""
"compliance-level-3/1103-feel-substring-function","1103-feel-substring-function-test-01","009_b52405c384","SUCCESS",""
"compliance-level-3/1103-feel-substring-function","1103-feel-substring-function-test-01","010_fbf9a89fde","SUCCESS",""
"compliance-level-3/1103-feel-substring-function","1103-feel-substring-function-test-01","011_a559ce6410","SUCCESS",""
"compliance-level-3/1104-feel-string-length-function","1104-feel-string-length-function-test-01","001_1afe6930d1","SUCCESS",""
"compliance-level-3/1104-feel-string-length-function","1104-feel-string-length-function-test-01","002_249c23050d","SUCCESS",""
"compliance-level-3/1104-feel-string-length-function","1104-feel-string-length-function-test-01","003_e1df507dee","SUCCESS",""
"compliance-level-3/1104-feel-string-length-function","1104-feel-string-length-function-test-01","004_f4c02fac3d","SUCCESS",""
"compliance-level-3/1104-feel-string-length-function","1104-feel-string-length-function-test-01","005_ca834dabac","SUCCESS",""
"compliance-level-3/1104-feel-string-length-function","1104-feel-string-length-function-test-01","006_6c4930a0eb","SUCCESS",""
"compliance-level-3/1105-feel-upper-case-function","1105-feel-upper-case-function-test-01","001_2395aaad55","SUCCESS",""
"compliance-level-3/1105-feel-upper-case-function","1105-feel-upper-case-function-test-01","002_991789dded","SUCCESS",""
"compliance-level-3/1105-feel-upper-case-function","1105-feel-upper-case-function-test-01","003_d8306d8d00","SUCCESS",""
"compliance-level-3/1105-feel-upper-case-function","1105-feel-upper-case-function-test-01","004_310caf7262","SUCCESS",""
"compliance-level-3/1105-feel-upper-case-function","1105-feel-upper-case-function-test-01","005_b316d773ac","SUCCESS",""
"compliance-level-3/1105-feel-upper-case-function","1105-feel-upper-case-function-test-01","006_d9bd3c14bc","SUCCESS",""
"compliance-level-3/1105-feel-upper-case-function","1105-feel-upper-case-function-test-01","007_31fc6c1967","SUCCESS",""
"compliance-level-3/1105-feel-upper-case-function","1105-feel-upper-case-function-test-01","008_26e369a9d9","SUCCESS",""
"compliance-level-3/1106-feel-lower-case-function","1106-feel-lower-case-function-test-01","001_f6ff05bcfa","SUCCESS",""
"compliance-level-3/1106-feel-lower-case-function","1106-feel-lower-case-function-test-01","002_0ecb21e1d8","SUCCESS",""
"compliance-level-3/1106-feel-lower-case-function","1106-feel-lower-case-function-test-01","003_af9f3a8dab","SUCCESS",""
"compliance-level-3/1106-feel-lower-case-function","1106-feel-lower-case-function-test-01","004_2dbf99e8c0","SUCCESS",""
"compliance-level-3/1106-feel-lower-case-function","1106-feel-lower-case-function-test-01","005_ad33325968","SUCCESS",""
"compliance-level-3/1106-feel-lower-case-function","1106-feel-lower-case-function-test-01","006_d8257b3b92","SUCCESS",""
"compliance-level-3/1106-feel-lower-case-function","1106-feel-lower-case-function-test-01","007_a2ce59499a","SUCCESS",""
"compliance-level-3/1106-feel-lower-case-function","1106-feel-lower-case-function-test-01","008_9913ad454f","SUCCESS",""
"compliance-level-3/1106-feel-lower-case-function","1106-feel-lower-case-function-test-01","009_78e6b2969b","SUCCESS",""
"compliance-level-3/1107-feel-substring-before-function","1107-feel-substring-before-function-test-01","001_2e948ccdc7","SUCCESS",""
"compliance-level-3/1107-feel-substring-before-function","1107-feel-substring-before-function-test-01","002_f4de663db7","SUCCESS",""
"compliance-level-3/1107-feel-substring-before-function","1107-feel-substring-before-function-test-01","003_60bc15bade","SUCCESS",""
"compliance-level-3/1107-feel-substring-before-function","1107-feel-substring-before-function-test-01","004_6f93aa7654","SUCCESS",""
"compliance-level-3/1107-feel-substring-before-function","1107-feel-substring-before-function-test-01","005_c8e030633c","SUCCESS",""
"compliance-level-3/1107-feel-substring-before-function","1107-feel-substring-before-function-test-01","006_1c3d39811d","SUCCESS",""
"compliance-level-3/1107-feel-substring-before-function","1107-feel-substring-before-function-test-01","007_ea4e4a38b0","SUCCESS",""
"compliance-level-3/1107-feel-substring-before-function","1107-feel-substring-before-function-test-01","008_501b0a5990","SUCCESS",""
"compliance-level-3/1107-feel-substring-before-function","1107-feel-substring-before-function-test-01","009_a79c5a4111","SUCCESS",""
"compliance-level-3/1108-feel-substring-after-function","1108-feel-substring-after-function-test-01","001_f532be66f2","SUCCESS",""
"compliance-level-3/1108-feel-substring-after-function","1108-feel-substring-after-function-test-01","002_f20d66fc1e","SUCCESS",""
"compliance-level-3/1108-feel-substring-after-function","1108-feel-substring-after-function-test-01","003_367612fc8b","SUCCESS",""
"compliance-level-3/1108-feel-substring-after-function","1108-feel-substring-after-function-test-01","004_e448ee2dad","SUCCESS",""
"compliance-level-3/1108-feel-substring-after-function","1108-feel-substring-after-function-test-01","005_429efdafd0","SUCCESS",""
"compliance-level-3/1108-feel-substring-after-function","1108-feel-substring-after-function-test-01","006_bf89d6b618","SUCCESS",""
"compliance-level-3/1108-feel-substring-after-function","1108-feel-substring-after-function-test-01","007_529baaeb0b","SUCCESS",""
"compliance-level-3/1108-feel-substring-after-function","1108-feel-substring-after-function-test-01","008_1e611924ea","SUCCESS",""
"compliance-level-3/1108-feel-substring-after-function","1108-feel-substring-after-function-test-01","009_712fe2842f","SUCCESS",""
"compliance-level-3/1108-feel-substring-after-function","1108-feel-substring-after-function-test-01","010_40e159d07a","SUCCESS",""
"compliance-level-3/1109-feel-replace-function","1109-feel-replace-function-test-01","001_7637e5a8ed","SUCCESS",""
"compliance-level-3/1109-feel-replace-function","1109-feel-replace-function-test-01","002_b5c242ccd4","SUCCESS",""
"compliance-level-3/1109-feel-replace-function","1109-feel-replace-function-test-01","003_bf7aa95050","SUCCESS",""
"compliance-level-3/1109-feel-replace-function","1109-feel-replace-function-test-01","004_55a2186006","SUCCESS",""
"compliance-level-3/1109-feel-replace-function","1109-feel-replace-function-test-01","005_271d93aa68","SUCCESS",""
"compliance-level-3/1109-feel-replace-function","1109-feel-replace-function-test-01","006_9cd005d2e2","SUCCESS",""
"compliance-level-3/1109-feel-replace-function","1109-feel-replace-function-test-01","007_91583e38c9","SUCCESS",""
"compliance-level-3/1109-feel-replace-function","1109-feel-replace-function-test-01","008_8c7c3871f8","SUCCESS",""
"compliance-level-3/1109-feel-replace-function","1109-feel-replace-function-test-01","009_b1e4220bc9","SUCCESS",""
"compliance-level-3/1109-feel-replace-function","1109-feel-replace-function-test-01","010_cd4e7a6d9f","SUCCESS",""
"compliance-level-3/1109-feel-replace-function","1109-feel-replace-function-test-01","011_c310665f57","SUCCESS",""
"compliance-level-3/1109-feel-replace-function","1109-feel-replace-function-test-01","012_b0cf9e6723","SUCCESS",""
"compliance-level-3/1109-feel-replace-function","1109-feel-replace-function-test-01","013_f669d03fa9","SUCCESS",""
"compliance-level-3/1109-feel-replace-function","1109-feel-replace-function-test-01","014_cea33baeee","SUCCESS",""
"compliance-level-3/1109-feel-replace-function","1109-feel-replace-function-test-01","015_57ce78ec8a","SUCCESS",""
"compliance-level-3/1109-feel-replace-function","1109-feel-replace-function-test-01","016_1c38095f50","SUCCESS",""
"compliance-level-3/1109-feel-replace-function","1109-feel-replace-function-test-01","017_b9c3c03b87","SUCCESS",""
"compliance-level-3/1109-feel-replace-function","1109-feel-replace-function-test-01","018_aba3349043","SUCCESS",""
"compliance-level-3/1109-feel-replace-function","1109-feel-replace-function-test-01","019_6ef91033ad","SUCCESS",""
"compliance-level-3/1109-feel-replace-function","1109-feel-replace-function-test-01","020_52d93a8851","SUCCESS",""
"compliance-level-3/1109-feel-replace-function","1109-feel-replace-function-test-01","021_e33828e3da","SUCCESS",""
"compliance-level-3/1109-feel-replace-function","1109-feel-replace-function-test-01","022_bd75fac0bd","SUCCESS",""
"compliance-level-3/1109-feel-replace-function","1109-feel-replace-function-test-01","023_5c337d3725","SUCCESS",""
"compliance-level-3/1109-feel-replace-function","1109-feel-replace-function-test-01","024_4a89220cd6","SUCCESS",""
"compliance-level-3/1109-feel-replace-function","1109-feel-replace-function-test-01","025_b7f9525875","SUCCESS",""
"compliance-level-3/1109-feel-replace-function","1109-feel-replace-function-test-01","026_acb176590a","SUCCESS",""
"compliance-level-3/1109-feel-replace-function","1109-feel-replace-function-test-01","027_d8d25f40e5","SUCCESS",""
"compliance-level-3/1109-feel-replace-function","1109-feel-replace-function-test-01","028_96e8c698af","SUCCESS",""
"compliance-level-3/1110-feel-contains-function","1110-feel-contains-function-test-01","001_2a4d7448c6","SUCCESS",""
"compliance-level-3/1110-feel-contains-function","1110-feel-contains-function-test-01","002_d2a1831b5c","SUCCESS",""
"compliance-level-3/1110-feel-contains-function","1110-feel-contains-function-test-01","003_df56e0a1ad","SUCCESS",""
"compliance-level-3/1110-feel-contains-function","1110-feel-contains-function-test-01","004_805503b274","SUCCESS",""
"compliance-level-3/1110-feel-contains-function","1110-feel-contains-function-test-01","005_5c1269db16","SUCCESS",""
"compliance-level-3/1110-feel-contains-function","1110-feel-contains-function-test-01","006_babdaf4f36","SUCCESS",""
"compliance-level-3/1110-feel-contains-function","1110-feel-contains-function-test-01","007_d24a599180","SUCCESS",""
"compliance-level-3/1110-feel-contains-function","1110-feel-contains-function-test-01","008_cf1311586a","SUCCESS",""
"compliance-level-3/1110-feel-contains-function","1110-feel-contains-function-test-01","009_c4b50ad623","SUCCESS",""
"compliance-level-3/1110-feel-contains-function","1110-feel-contains-function-test-01","010_9ae03e0e59","SUCCESS",""
"compliance-level-3/1115-feel-date-function","1115-feel-date-function-test-01","001_e9ae035ab9","SUCCESS",""
"compliance-level-3/1115-feel-date-function","1115-feel-date-function-test-01","002_9b9e6085ce","SUCCESS",""
"compliance-level-3/1115-feel-date-function","1115-feel-date-function-test-01","003_e4b7918d8f","SUCCESS",""
"compliance-level-3/1115-feel-date-function","1115-feel-date-function-test-01","004_f24ed41117","SUCCESS",""
"compliance-level-3/1115-feel-date-function","1115-feel-date-function-test-01","005_3540a22062","SUCCESS",""
"compliance-level-3/1115-feel-date-function","1115-feel-date-function-test-01","006_616e24dbb7","SUCCESS",""
"compliance-level-3/1115-feel-date-function","1115-feel-date-function-test-01","007_cda82a5d01","SUCCESS",""
"compliance-level-3/1115-feel-date-function","1115-feel-date-function-test-01","008_492649d3d0","SUCCESS",""
"compliance-level-3/1115-feel-date-function","1115-feel-date-function-test-01","009_9e00bbdad3","SUCCESS",""
"compliance-level-3/1115-feel-date-function","1115-feel-date-function-test-01","010_6d4d58d23a","SUCCESS",""
"compliance-level-3/1115-feel-date-function","1115-feel-date-function-test-01","011_5f0b42b1f8","SUCCESS",""
"compliance-level-3/1115-feel-date-function","1115-feel-date-function-test-01","012_d9e4b97438","SUCCESS",""
"compliance-level-3/1115-feel-date-function","1115-feel-date-function-test-01","013_d7e901ee86","SUCCESS",""
"compliance-level-3/1115-feel-date-function","1115-feel-date-function-test-01","014_fad7e00633","SUCCESS",""
"compliance-level-3/1115-feel-date-function","1115-feel-date-function-test-01","015_1dd66594cf","SUCCESS",""
"compliance-level-3/1115-feel-date-function","1115-feel-date-function-test-01","016_31f3fef4a0","SUCCESS",""
"compliance-level-3/1115-feel-date-function","1115-feel-date-function-test-01","017_887dfef005","SUCCESS",""
"compliance-level-3/1115-feel-date-function","1115-feel-date-function-test-01","018_fc0ef0c8cb","SUCCESS",""
"compliance-level-3/1115-feel-date-function","1115-feel-date-function-test-01","019_b2b82796ce","SUCCESS",""
"compliance-level-3/1115-feel-date-function","1115-feel-date-function-test-01","020_7d56b7bf63","SUCCESS",""
"compliance-level-3/1115-feel-date-function","1115-feel-date-function-test-01","021_95fb3d9984","SUCCESS",""
"compliance-level-3/1115-feel-date-function","1115-feel-date-function-test-01","022_4063db2d59","SUCCESS",""
"compliance-level-3/1115-feel-date-function","1115-feel-date-function-test-01","023_4a1f604006","SUCCESS",""
"compliance-level-3/1115-feel-date-function","1115-feel-date-function-test-01","024_3cb98a2bb8","SUCCESS",""
"compliance-level-3/1115-feel-date-function","1115-feel-date-function-test-01","025_cf0ad1313c","SUCCESS",""
"compliance-level-3/1115-feel-date-function","1115-feel-date-function-test-01","026_cedd7e5e5f","SUCCESS",""
"compliance-level-3/1115-feel-date-function","1115-feel-date-function-test-01","027_987c5be372","SUCCESS",""
"compliance-level-3/1115-feel-date-function","1115-feel-date-function-test-01","028_35ca79a6cd","SUCCESS",""
"compliance-level-3/1115-feel-date-function","1115-feel-date-function-test-01","029_88f5c7c90f","SUCCESS",""
"compliance-level-3/1115-feel-date-function","1115-feel-date-function-test-01","030_9184a7bfc3","SUCCESS",""
"compliance-level-3/1115-feel-date-function","1115-feel-date-function-test-01","031_4f5ec70669","SUCCESS",""
"compliance-level-3/1115-feel-date-function","1115-feel-date-function-test-01","032_fc66cc2fec","SUCCESS",""
"compliance-level-3/1115-feel-date-function","1115-feel-date-function-test-01","033_c3a5600c62","SUCCESS",""
"compliance-level-3/1115-feel-date-function","1115-feel-date-function-test-01","034_7d2e18a10c","SUCCESS",""
"compliance-level-3/1115-feel-date-function","1115-feel-date-function-test-01","035_e6c1bb43fd","SUCCESS",""
"compliance-level-3/1115-feel-date-function","1115-feel-date-function-test-01","036_b826a6b5f9","SUCCESS",""
"compliance-level-3/1115-feel-date-function","1115-feel-date-function-test-01","037_cfd70896b6","SUCCESS",""
"compliance-level-3/1115-feel-date-function","1115-feel-date-function-test-01","038_c26782f559","SUCCESS",""
"compliance-level-3/1115-feel-date-function","1115-feel-date-function-test-01","039_67a6eafa3f","SUCCESS",""
"compliance-level-3/1115-feel-date-function","1115-feel-date-function-test-01","040_dd2a2ed4a2","SUCCESS",""
"compliance-level-3/1115-feel-date-function","1115-feel-date-function-test-01","041_9e7e388146","SUCCESS",""
"compliance-level-3/1115-feel-date-function","1115-feel-date-function-test-01","042_8f5dd97588","SUCCESS",""
"compliance-level-3/1115-feel-date-function","1115-feel-date-function-test-01","043_8f82301fac","SUCCESS",""
"compliance-level-3/1115-feel-date-function","1115-feel-date-function-test-01","044_74893220b4","SUCCESS",""
"compliance-level-3/1115-feel-date-function","1115-feel-date-function-test-01","045_969723fed5","SUCCESS",""
"compliance-level-3/1115-feel-date-function","1115-feel-date-function-test-01","046_36bf30268a","SUCCESS",""
"compliance-level-3/1115-feel-date-function","1115-feel-date-function-test-01","047_ba717eb672","SUCCESS",""
"compliance-level-3/1115-feel-date-function","1115-feel-date-function-test-01","048_25595a6420","SUCCESS",""
"compliance-level-3/1115-feel-date-function","1115-feel-date-function-test-01","049_a1644ce710","SUCCESS",""
"compliance-level-3/1115-feel-date-function","1115-feel-date-function-test-01","050_8f1e299951","SUCCESS",""
"compliance-level-3/1115-feel-date-function","1115-feel-date-function-test-01","051_ad98079864","SUCCESS",""
"compliance-level-3/1115-feel-date-function","1115-feel-date-function-test-01","052_63457d78b7","SUCCESS",""
"compliance-level-3/1116-feel-time-function","1116-feel-time-function-test-01","001_bdf26fdc72","SUCCESS",""
"compliance-level-3/1116-feel-time-function","1116-feel-time-function-test-01","002_9d2e399b96","SUCCESS",""
"compliance-level-3/1116-feel-time-function","1116-feel-time-function-test-01","003_d1f0ea5bb9","SUCCESS",""
"compliance-level-3/1116-feel-time-function","1116-feel-time-function-test-01","004_57aea91d1c","SUCCESS",""
"compliance-level-3/1116-feel-time-function","1116-feel-time-function-test-01","005_32ea20b34f","SUCCESS",""
"compliance-level-3/1116-feel-time-function","1116-feel-time-function-test-01","006_e266498180","SUCCESS",""
"compliance-level-3/1116-feel-time-function","1116-feel-time-function-test-01","007_ee82c7bf12","SUCCESS",""
"compliance-level-3/1116-feel-time-function","1116-feel-time-function-test-01","008_08078c6c29","SUCCESS",""
"compliance-level-3/1116-feel-time-function","1116-feel-time-function-test-01","009_804c21ed52","SUCCESS",""
"compliance-level-3/1116-feel-time-function","1116-feel-time-function-test-01","010_cc773bb44b","SUCCESS",""
"compliance-level-3/1116-feel-time-function","1116-feel-time-function-test-01","011_ad5b3a26b5","SUCCESS",""
"compliance-level-3/1116-feel-time-function","1116-feel-time-function-test-01","012_3c2f416fc9","SUCCESS",""
"compliance-level-3/1116-feel-time-function","1116-feel-time-function-test-01","013_7f22c0bda8","SUCCESS",""
"compliance-level-3/1116-feel-time-function","1116-feel-time-function-test-01","014_0dc13176e8","SUCCESS",""
"compliance-level-3/1116-feel-time-function","1116-feel-time-function-test-01","015_376d693a79","SUCCESS",""
"compliance-level-3/1116-feel-time-function","1116-feel-time-function-test-01","016_c3cccff405","SUCCESS",""
"compliance-level-3/1116-feel-time-function","1116-feel-time-function-test-01","017_f3683885f5","SUCCESS",""
"compliance-level-3/1116-feel-time-function","1116-feel-time-function-test-01","018_35f1f2cce8","SUCCESS",""
"compliance-level-3/1116-feel-time-function","1116-feel-time-function-test-01","019_879be89d63","SUCCESS",""
"compliance-level-3/1116-feel-time-function","1116-feel-time-function-test-01","020_72b421086e","SUCCESS",""
"compliance-level-3/1116-feel-time-function","1116-feel-time-function-test-01","021_5c50fa1dff","IGNORED",""
"compliance-level-3/1116-feel-time-function","1116-feel-time-function-test-01","022_55e76d3595","IGNORED",""
"compliance-level-3/1116-feel-time-function","1116-feel-time-function-test-01","023_5cbbb85435","IGNORED",""
"compliance-level-3/1116-feel-time-function","1116-feel-time-function-test-01","024_5f7f735e8f","IGNORED",""
"compliance-level-3/1116-feel-time-function","1116-feel-time-function-test-01","025_139b25b795","IGNORED",""
"compliance-level-3/1116-feel-time-function","1116-feel-time-function-test-01","026_c5208af118","IGNORED",""
"compliance-level-3/1116-feel-time-function","1116-feel-time-function-test-01","027_45082fd26c","IGNORED",""
"compliance-level-3/1116-feel-time-function","1116-feel-time-function-test-01","028_eaea7a943c","SUCCESS",""
"compliance-level-3/1116-feel-time-function","1116-feel-time-function-test-01","029_f0d5c2c16a","SUCCESS",""
"compliance-level-3/1116-feel-time-function","1116-feel-time-function-test-01","030_390d4f4648","SUCCESS",""
"compliance-level-3/1116-feel-time-function","1116-feel-time-function-test-01","031_4d086a3b59","IGNORED",""
"compliance-level-3/1116-feel-time-function","1116-feel-time-function-test-01","032_d9b0d7f931","IGNORED",""
"compliance-level-3/1116-feel-time-function","1116-feel-time-function-test-01","033_8420160da1","IGNORED",""
"compliance-level-3/1116-feel-time-function","1116-feel-time-function-test-01","034_13c312c376","IGNORED",""
"compliance-level-3/1116-feel-time-function","1116-feel-time-function-test-01","035_fbfce88ac4","IGNORED",""
"compliance-level-3/1116-feel-time-function","1116-feel-time-function-test-01","036_eb05fabc01","SUCCESS",""
"compliance-level-3/1116-feel-time-function","1116-feel-time-function-test-01","037_eed195f693","SUCCESS",""
"compliance-level-3/1116-feel-time-function","1116-feel-time-function-test-01","038_05b311131c","SUCCESS",""
"compliance-level-3/1116-feel-time-function","1116-feel-time-function-test-01","039_5b65992f0d","IGNORED",""
"compliance-level-3/1116-feel-time-function","1116-feel-time-function-test-01","040_6c9d17b491","IGNORED",""
"compliance-level-3/1116-feel-time-function","1116-feel-time-function-test-01","041_29a448d57e","IGNORED",""
"compliance-level-3/1116-feel-time-function","1116-feel-time-function-test-01","042_00146f2977","IGNORED",""
"compliance-level-3/1116-feel-time-function","1116-feel-time-function-test-01","043_2edfae8414","IGNORED",""
"compliance-level-3/1116-feel-time-function","1116-feel-time-function-test-01","044_3073ffd026","IGNORED",""
"compliance-level-3/1116-feel-time-function","1116-feel-time-function-test-01","045_ad1339e858","IGNORED",""
"compliance-level-3/1116-feel-time-function","1116-feel-time-function-test-01","046_7b80221ec1","SUCCESS",""
"compliance-level-3/1116-feel-time-function","1116-feel-time-function-test-01","047_33cd7b9b15","SUCCESS",""
"compliance-level-3/1116-feel-time-function","1116-feel-time-function-test-01","048_9bedd52886","IGNORED",""
"compliance-level-3/1116-feel-time-function","1116-feel-time-function-test-01","049_617d9e09d6","SUCCESS",""
"compliance-level-3/1116-feel-time-function","1116-feel-time-function-test-01","050_524d9a8146","SUCCESS",""
"compliance-level-3/1116-feel-time-function","1116-feel-time-function-test-01","051_a71d2a08f7","IGNORED",""
"compliance-level-3/1116-feel-time-function","1116-feel-time-function-test-01","052_d825d58888","IGNORED",""
"compliance-level-3/1116-feel-time-function","1116-feel-time-function-test-01","053_3d956966c0","IGNORED",""
"compliance-level-3/1116-feel-time-function","1116-feel-time-function-test-01","054_fdc3094237","SUCCESS",""
"compliance-level-3/1116-feel-time-function","1116-feel-time-function-test-01","055_9b47db6ea4","SUCCESS",""
"compliance-level-3/1116-feel-time-function","1116-feel-time-function-test-01","056_a8e828d64d","SUCCESS",""
"compliance-level-3/1116-feel-time-function","1116-feel-time-function-test-01","057_d039115cce","SUCCESS",""
"compliance-level-3/1116-feel-time-function","1116-feel-time-function-test-01","058_81dd4b1639","SUCCESS",""
"compliance-level-3/1116-feel-time-function","1116-feel-time-function-test-01","059_c7e1705fe1","SUCCESS",""
"compliance-level-3/1116-feel-time-function","1116-feel-time-function-test-01","060_0cf4734fae","SUCCESS",""
"compliance-level-3/1116-feel-time-function","1116-feel-time-function-test-01","061_da2717f085","SUCCESS",""
"compliance-level-3/1116-feel-time-function","1116-feel-time-function-test-01","062_6cd1313fa9","SUCCESS",""
"compliance-level-3/1116-feel-time-function","1116-feel-time-function-test-01","063_e85c40b474","SUCCESS",""
"compliance-level-3/1116-feel-time-function","1116-feel-time-function-test-01","064_df74038c67","SUCCESS",""
"compliance-level-3/1116-feel-time-function","1116-feel-time-function-test-01","065_79eaef6fee","SUCCESS",""
"compliance-level-3/1116-feel-time-function","1116-feel-time-function-test-01","066_5116e12fd3","SUCCESS",""
"compliance-level-3/1116-feel-time-function","1116-feel-time-function-test-01","067_8285edad7b","SUCCESS",""
"compliance-level-3/1116-feel-time-function","1116-feel-time-function-test-01","068_ad528abb23","SUCCESS",""
"compliance-level-3/1116-feel-time-function","1116-feel-time-function-test-01","069_5096701e2e","SUCCESS",""
"compliance-level-3/1116-feel-time-function","1116-feel-time-function-test-01","070_8b2e39f570","SUCCESS",""
"compliance-level-3/1116-feel-time-function","1116-feel-time-function-test-01","071_cf9417648b","SUCCESS",""
"compliance-level-3/1116-feel-time-function","1116-feel-time-function-test-01","072_4c8c3835e4","SUCCESS",""
"compliance-level-3/1116-feel-time-function","1116-feel-time-function-test-01","073_a5fc245959","SUCCESS",""
"compliance-level-3/1116-feel-time-function","1116-feel-time-function-test-01","074_387d4411ea","SUCCESS",""
"compliance-level-3/1116-feel-time-function","1116-feel-time-function-test-01","075_1606dda03d","SUCCESS",""
"compliance-level-3/1116-feel-time-function","1116-feel-time-function-test-01","076_cb117ca612","SUCCESS",""
"compliance-level-3/1116-feel-time-function","1116-feel-time-function-test-01","077_a4daad060c","SUCCESS",""
"compliance-level-3/1116-feel-time-function","1116-feel-time-function-test-01","078_c2fe73418b","SUCCESS",""
"compliance-level-3/1116-feel-time-function","1116-feel-time-function-test-01","079_d2d226c3cd","SUCCESS",""
"compliance-level-3/1116-feel-time-function","1116-feel-time-function-test-01","080_2bbb8c86af","SUCCESS",""
"compliance-level-3/1116-feel-time-function","1116-feel-time-function-test-01","081_69f4e0231e","SUCCESS",""
"compliance-level-3/1116-feel-time-function","1116-feel-time-function-test-01","082_36a78e5396","IGNORED",""
"compliance-level-3/1116-feel-time-function","1116-feel-time-function-test-01","083_6b608254c7","IGNORED",""
"compliance-level-3/1117-feel-date-and-time-function","1117-feel-date-and-time-function-test-01","001_05fd7d6215","SUCCESS",""
"compliance-level-3/1117-feel-date-and-time-function","1117-feel-date-and-time-function-test-01","002_8c66ed2d1a","SUCCESS",""
"compliance-level-3/1117-feel-date-and-time-function","1117-feel-date-and-time-function-test-01","003_335cff371a","SUCCESS",""
"compliance-level-3/1117-feel-date-and-time-function","1117-feel-date-and-time-function-test-01","004_28ef3e7882","SUCCESS",""
"compliance-level-3/1117-feel-date-and-time-function","1117-feel-date-and-time-function-test-01","005_15df95b27a","SUCCESS",""
"compliance-level-3/1117-feel-date-and-time-function","1117-feel-date-and-time-function-test-01","006_8c794da0bb","SUCCESS",""
"compliance-level-3/1117-feel-date-and-time-function","1117-feel-date-and-time-function-test-01","007_59863d1b57","SUCCESS",""
"compliance-level-3/1117-feel-date-and-time-function","1117-feel-date-and-time-function-test-01","008_83eb9a93ba","SUCCESS",""
"compliance-level-3/1117-feel-date-and-time-function","1117-feel-date-and-time-function-test-01","009_1982fa549c","SUCCESS",""
"compliance-level-3/1117-feel-date-and-time-function","1117-feel-date-and-time-function-test-01","010_59f5b47012","SUCCESS",""
"compliance-level-3/1117-feel-date-and-time-function","1117-feel-date-and-time-function-test-01","011_eec2d5bdcd","SUCCESS",""
"compliance-level-3/1117-feel-date-and-time-function","1117-feel-date-and-time-function-test-01","012_225a105eef","SUCCESS",""
"compliance-level-3/1117-feel-date-and-time-function","1117-feel-date-and-time-function-test-01","013_c4fd0a0e8d","SUCCESS",""
"compliance-level-3/1117-feel-date-and-time-function","1117-feel-date-and-time-function-test-01","014_ded0e5fe2f","SUCCESS",""
"compliance-level-3/1117-feel-date-and-time-function","1117-feel-date-and-time-function-test-01","015_9e27148afd","SUCCESS",""
"compliance-level-3/1117-feel-date-and-time-function","1117-feel-date-and-time-function-test-01","016_c08e4d417a","SUCCESS",""
"compliance-level-3/1117-feel-date-and-time-function","1117-feel-date-and-time-function-test-01","017_47816add0e","SUCCESS",""
"compliance-level-3/1117-feel-date-and-time-function","1117-feel-date-and-time-function-test-01","018_0614e473e7","SUCCESS",""
"compliance-level-3/1117-feel-date-and-time-function","1117-feel-date-and-time-function-test-01","019_c312e3dfe3","SUCCESS",""
"compliance-level-3/1117-feel-date-and-time-function","1117-feel-date-and-time-function-test-01","020_29e0585b6f","SUCCESS",""
"compliance-level-3/1117-feel-date-and-time-function","1117-feel-date-and-time-function-test-01","021_99f0215b60","SUCCESS",""
"compliance-level-3/1117-feel-date-and-time-function","1117-feel-date-and-time-function-test-01","022_b8b20f0328","SUCCESS",""
"compliance-level-3/1117-feel-date-and-time-function","1117-feel-date-and-time-function-test-01","023_2e41497673","SUCCESS",""
"compliance-level-3/1117-feel-date-and-time-function","1117-feel-date-and-time-function-test-01","024_b4d1fb8735","SUCCESS",""
"compliance-level-3/1117-feel-date-and-time-function","1117-feel-date-and-time-function-test-01","025_0cb7f83ec6","SUCCESS",""
"compliance-level-3/1117-feel-date-and-time-function","1117-feel-date-and-time-function-test-01","026_5ba081cd5f","SUCCESS",""
"compliance-level-3/1117-feel-date-and-time-function","1117-feel-date-and-time-function-test-01","027_ae365197dd","SUCCESS",""
"compliance-level-3/1117-feel-date-and-time-function","1117-feel-date-and-time-function-test-01","028_1c3d56275f","SUCCESS",""
"compliance-level-3/1117-feel-date-and-time-function","1117-feel-date-and-time-function-test-01","029_e3a5e786a0","SUCCESS",""
"compliance-level-3/1117-feel-date-and-time-function","1117-feel-date-and-time-function-test-01","030_2f97bff606","SUCCESS",""
"compliance-level-3/1117-feel-date-and-time-function","1117-feel-date-and-time-function-test-01","031_61e70c285f","SUCCESS",""
"compliance-level-3/1117-feel-date-and-time-function","1117-feel-date-and-time-function-test-01","032_1e95e8726e","SUCCESS",""
"compliance-level-3/1117-feel-date-and-time-function","1117-feel-date-and-time-function-test-01","033_2fac4d6807","SUCCESS",""
"compliance-level-3/1117-feel-date-and-time-function","1117-feel-date-and-time-function-test-01","034_75580be3aa","SUCCESS",""
"compliance-level-3/1117-feel-date-and-time-function","1117-feel-date-and-time-function-test-01","035_831b1ad0c5","SUCCESS",""
"compliance-level-3/1117-feel-date-and-time-function","1117-feel-date-and-time-function-test-01","036_189e1c3095","SUCCESS",""
"compliance-level-3/1117-feel-date-and-time-function","1117-feel-date-and-time-function-test-01","037_c7aec7ecf7","SUCCESS",""
"compliance-level-3/1117-feel-date-and-time-function","1117-feel-date-and-time-function-test-01","038_1493e6d873","SUCCESS",""
"compliance-level-3/1117-feel-date-and-time-function","1117-feel-date-and-time-function-test-01","039_593292b25c","SUCCESS",""
"compliance-level-3/1117-feel-date-and-time-function","1117-feel-date-and-time-function-test-01","040_d9116e1daa","SUCCESS",""
"compliance-level-3/1117-feel-date-and-time-function","1117-feel-date-and-time-function-test-01","041_c6decfe6a3","SUCCESS",""
"compliance-level-3/1117-feel-date-and-time-function","1117-feel-date-and-time-function-test-01","042_0cbcc3d1dc","SUCCESS",""
"compliance-level-3/1117-feel-date-and-time-function","1117-feel-date-and-time-function-test-01","043_2e4177d00c","SUCCESS",""
"compliance-level-3/1117-feel-date-and-time-function","1117-feel-date-and-time-function-test-01","044_9404547f9d","SUCCESS",""
"compliance-level-3/1117-feel-date-and-time-function","1117-feel-date-and-time-function-test-01","045_5d93a541eb","SUCCESS",""
"compliance-level-3/1117-feel-date-and-time-function","1117-feel-date-and-time-function-test-01","046_89c1cd8daa","SUCCESS",""
"compliance-level-3/1117-feel-date-and-time-function","1117-feel-date-and-time-function-test-01","047_60ea7838ce","SUCCESS",""
"compliance-level-3/1117-feel-date-and-time-function","1117-feel-date-and-time-function-test-01","048_e387922273","SUCCESS",""
"compliance-level-3/1117-feel-date-and-time-function","1117-feel-date-and-time-function-test-01","049_eb9cd1f777","SUCCESS",""
"compliance-level-3/1117-feel-date-and-time-function","1117-feel-date-and-time-function-test-01","050_2d960354af","SUCCESS",""
"compliance-level-3/1117-feel-date-and-time-function","1117-feel-date-and-time-function-test-01","051_46bdaa00b0","SUCCESS",""
"compliance-level-3/1117-feel-date-and-time-function","1117-feel-date-and-time-function-test-01","052_911dbd0a24","SUCCESS",""
"compliance-level-3/1117-feel-date-and-time-function","1117-feel-date-and-time-function-test-01","053_283c083df9","SUCCESS",""
"compliance-level-3/1117-feel-date-and-time-function","1117-feel-date-and-time-function-test-01","054_2561a406fc","SUCCESS",""
"compliance-level-3/1117-feel-date-and-time-function","1117-feel-date-and-time-function-test-01","055_6ce9202e17","SUCCESS",""
"compliance-level-3/1117-feel-date-and-time-function","1117-feel-date-and-time-function-test-01","056_e66397568e","SUCCESS",""
"compliance-level-3/1117-feel-date-and-time-function","1117-feel-date-and-time-function-test-01","057_0452ca8719","SUCCESS",""
"compliance-level-3/1117-feel-date-and-time-function","1117-feel-date-and-time-function-test-01","058_588040ceaa","SUCCESS",""
"compliance-level-3/1117-feel-date-and-time-function","1117-feel-date-and-time-function-test-01","059_dfc62a3ebc","SUCCESS",""
"compliance-level-3/1117-feel-date-and-time-function","1117-feel-date-and-time-function-test-01","060_890c302575","SUCCESS",""
"compliance-level-3/1117-feel-date-and-time-function","1117-feel-date-and-time-function-test-01","061_38ea1fc94d","SUCCESS",""
"compliance-level-3/1117-feel-date-and-time-function","1117-feel-date-and-time-function-test-01","062_528aa370a3","SUCCESS",""
"compliance-level-3/1117-feel-date-and-time-function","1117-feel-date-and-time-function-test-01","063_2c94303011","SUCCESS",""
"compliance-level-3/1117-feel-date-and-time-function","1117-feel-date-and-time-function-test-01","064_926a372666","SUCCESS",""
"compliance-level-3/1117-feel-date-and-time-function","1117-feel-date-and-time-function-test-01","065_a13de18ee4","SUCCESS",""
"compliance-level-3/1117-feel-date-and-time-function","1117-feel-date-and-time-function-test-01","066_e9f3d6d2c2","SUCCESS",""
"compliance-level-3/1117-feel-date-and-time-function","1117-feel-date-and-time-function-test-01","067_35fef99b53","IGNORED",""
"compliance-level-3/1117-feel-date-and-time-function","1117-feel-date-and-time-function-test-01","068_abaa1c2774","SUCCESS",""
"compliance-level-3/1117-feel-date-and-time-function","1117-feel-date-and-time-function-test-01","069_ca84e9c806","SUCCESS",""
"compliance-level-3/1117-feel-date-and-time-function","1117-feel-date-and-time-function-test-01","070_889c75a0cf","SUCCESS",""
"compliance-level-3/1117-feel-date-and-time-function","1117-feel-date-and-time-function-test-01","071_e90b813dfe","SUCCESS",""
"compliance-level-3/1117-feel-date-and-time-function","1117-feel-date-and-time-function-test-01","072_9f3e9b9c21","SUCCESS",""
"compliance-level-3/1117-feel-date-and-time-function","1117-feel-date-and-time-function-test-01","073_717548bec6","SUCCESS",""
"compliance-level-3/1117-feel-date-and-time-function","1117-feel-date-and-time-function-test-01","074_a15e7f8d29","SUCCESS",""
"compliance-level-3/1117-feel-date-and-time-function","1117-feel-date-and-time-function-test-01","075_4c3b8e7097","SUCCESS",""
"compliance-level-3/1117-feel-date-and-time-function","1117-feel-date-and-time-function-test-01","076_4d31fed18e","SUCCESS",""
"compliance-level-3/1117-feel-date-and-time-function","1117-feel-date-and-time-function-test-01","077_f83b3ac8bb","SUCCESS",""
"compliance-level-3/1117-feel-date-and-time-function","1117-feel-date-and-time-function-test-01","078_e113dabcdd","SUCCESS",""
"compliance-level-3/1117-feel-date-and-time-function","1117-feel-date-and-time-function-test-01","079_2e6f80eb94","SUCCESS",""
"compliance-level-3/1117-feel-date-and-time-function","1117-feel-date-and-time-function-test-01","080_69de952053","SUCCESS",""
"compliance-level-3/1117-feel-date-and-time-function","1117-feel-date-and-time-function-test-01","081_e063215a7c","SUCCESS",""
"compliance-level-3/1117-feel-date-and-time-function","1117-feel-date-and-time-function-test-01","082_5b6ed4e801","SUCCESS",""
"compliance-level-3/1117-feel-date-and-time-function","1117-feel-date-and-time-function-test-01","083_4f41731f2a","SUCCESS",""
"compliance-level-3/1117-feel-date-and-time-function","1117-feel-date-and-time-function-test-01","084_c633b01603","SUCCESS",""
"compliance-level-3/1117-feel-date-and-time-function","1117-feel-date-and-time-function-test-01","085_a604a1bc80","SUCCESS",""
"compliance-level-3/1117-feel-date-and-time-function","1117-feel-date-and-time-function-test-01","086_12ca8ac1d3","SUCCESS",""
"compliance-level-3/1117-feel-date-and-time-function","1117-feel-date-and-time-function-test-01","087_e9fd32063a","SUCCESS",""
"compliance-level-3/1117-feel-date-and-time-function","1117-feel-date-and-time-function-test-01","088_1db0287718","SUCCESS",""
"compliance-level-3/1120-feel-duration-function","1120-feel-duration-function-test-01","001_f2c6cd6866","SUCCESS",""
"compliance-level-3/1120-feel-duration-function","1120-feel-duration-function-test-01","002_ddca5756ca","SUCCESS",""
"compliance-level-3/1120-feel-duration-function","1120-feel-duration-function-test-01","003_951e1d1c31","SUCCESS",""
"compliance-level-3/1120-feel-duration-function","1120-feel-duration-function-test-01","004_6b31e7cde7","SUCCESS",""
"compliance-level-3/1120-feel-duration-function","1120-feel-duration-function-test-01","005_202d863d07","SUCCESS",""
"compliance-level-3/1120-feel-duration-function","1120-feel-duration-function-test-01","006_a885f926d9","SUCCESS",""
"compliance-level-3/1120-feel-duration-function","1120-feel-duration-function-test-01","007_2f0ad399f3","SUCCESS",""
"compliance-level-3/1120-feel-duration-function","1120-feel-duration-function-test-01","008_747f56743d","SUCCESS",""
"compliance-level-3/1120-feel-duration-function","1120-feel-duration-function-test-01","009_cef3c1ed26","SUCCESS",""
"compliance-level-3/1120-feel-duration-function","1120-feel-duration-function-test-01","010_5b452a4975","SUCCESS",""
"compliance-level-3/1120-feel-duration-function","1120-feel-duration-function-test-01","011_2169615b94","SUCCESS",""
"compliance-level-3/1120-feel-duration-function","1120-feel-duration-function-test-01","012_2affe6d169","SUCCESS",""
"compliance-level-3/1120-feel-duration-function","1120-feel-duration-function-test-01","013_0e8e26513c","SUCCESS",""
"compliance-level-3/1120-feel-duration-function","1120-feel-duration-function-test-01","014_598ba6fabd","SUCCESS",""
"compliance-level-3/1120-feel-duration-function","1120-feel-duration-function-test-01","015_ce2cb09830","SUCCESS",""
"compliance-level-3/1120-feel-duration-function","1120-feel-duration-function-test-01","016_af3e37fdbd","SUCCESS",""
"compliance-level-3/1120-feel-duration-function","1120-feel-duration-function-test-01","017_4f4549fda4","SUCCESS",""
"compliance-level-3/1120-feel-duration-function","1120-feel-duration-function-test-01","018_f5ec776811","SUCCESS",""
"compliance-level-3/1120-feel-duration-function","1120-feel-duration-function-test-01","019_2e6885755a","SUCCESS",""
"compliance-level-3/1120-feel-duration-function","1120-feel-duration-function-test-01","020_af58b3766e","SUCCESS",""
"compliance-level-3/1120-feel-duration-function","1120-feel-duration-function-test-01","021_e48e70ad4e","SUCCESS",""
"compliance-level-3/1120-feel-duration-function","1120-feel-duration-function-test-01","022_668f24bed7","SUCCESS",""
"compliance-level-3/1120-feel-duration-function","1120-feel-duration-function-test-01","023_6fc32087db","SUCCESS",""
"compliance-level-3/1120-feel-duration-function","1120-feel-duration-function-test-01","024_fd7000d72f","SUCCESS",""
"compliance-level-3/1120-feel-duration-function","1120-feel-duration-function-test-01","025_f8ffbd8658","SUCCESS",""
"compliance-level-3/1120-feel-duration-function","1120-feel-duration-function-test-01","026_e6c47f0cae","SUCCESS",""
"compliance-level-3/1120-feel-duration-function","1120-feel-duration-function-test-01","027_33b7fb8704","SUCCESS",""
"compliance-level-3/1120-feel-duration-function","1120-feel-duration-function-test-01","028_971b94f16d","SUCCESS",""
"compliance-level-3/1120-feel-duration-function","1120-feel-duration-function-test-01","029_1a12a226cc","SUCCESS",""
"compliance-level-3/1120-feel-duration-function","1120-feel-duration-function-test-01","030_afac0f2062","SUCCESS",""
"compliance-level-3/1120-feel-duration-function","1120-feel-duration-function-test-01","031_1ddad718b9","SUCCESS",""
"compliance-level-3/1120-feel-duration-function","1120-feel-duration-function-test-01","032_72c46a9ec9","SUCCESS",""
"compliance-level-3/1120-feel-duration-function","1120-feel-duration-function-test-01","033_5d1540abaf","SUCCESS",""
"compliance-level-3/1120-feel-duration-function","1120-feel-duration-function-test-01","034_aa9cbb21a6","SUCCESS",""
"compliance-level-3/1120-feel-duration-function","1120-feel-duration-function-test-01","035_93eef01ae7","SUCCESS",""
"compliance-level-3/1120-feel-duration-function","1120-feel-duration-function-test-01","036_5f2775875e","SUCCESS",""
"compliance-level-3/1120-feel-duration-function","1120-feel-duration-function-test-01","037_8c9ea9c0e6","SUCCESS",""
"compliance-level-3/1120-feel-duration-function","1120-feel-duration-function-test-01","038_67dc4c254c","SUCCESS",""
"compliance-level-3/1120-feel-duration-function","1120-feel-duration-function-test-01","039_4aa0b67804","SUCCESS",""
"compliance-level-3/1120-feel-duration-function","1120-feel-duration-function-test-01","040_7d8eae461f","SUCCESS",""
"compliance-level-3/1120-feel-duration-function","1120-feel-duration-function-test-01","041_264bc9d682","SUCCESS",""
"compliance-level-3/1120-feel-duration-function","1120-feel-duration-function-test-01","042_59a0000245","SUCCESS",""
"compliance-level-3/1120-feel-duration-function","1120-feel-duration-function-test-01","043_253815dc6c","SUCCESS",""
"compliance-level-3/1120-feel-duration-function","1120-feel-duration-function-test-01","044_f3b338d877","SUCCESS",""
"compliance-level-3/1120-feel-duration-function","1120-feel-duration-function-test-01","045_2ffcc37801","SUCCESS",""
"compliance-level-3/1120-feel-duration-function","1120-feel-duration-function-test-01","046_eb637de5f6","SUCCESS",""
"compliance-level-3/1120-feel-duration-function","1120-feel-duration-function-test-01","047_3210c46a5a","SUCCESS",""
"compliance-level-3/1120-feel-duration-function","1120-feel-duration-function-test-01","048_ab6244f767","SUCCESS",""
"compliance-level-3/1120-feel-duration-function","1120-feel-duration-function-test-01","049_2225b503a0","SUCCESS",""
"compliance-level-3/1120-feel-duration-function","1120-feel-duration-function-test-01","050_dd2ef33bbd","SUCCESS",""
"compliance-level-3/1121-feel-years-and-months-duration-function","1121-feel-years-and-months-duration-function-test-01","001_b24a0c91f2","SUCCESS",""
"compliance-level-3/1121-feel-years-and-months-duration-function","1121-feel-years-and-months-duration-function-test-01","002_4e7651ae0e","SUCCESS",""
"compliance-level-3/1121-feel-years-and-months-duration-function","1121-feel-years-and-months-duration-function-test-01","003_0886738d31","SUCCESS",""
"compliance-level-3/1121-feel-years-and-months-duration-function","1121-feel-years-and-months-duration-function-test-01","004_1bdfef922b","SUCCESS",""
"compliance-level-3/1121-feel-years-and-months-duration-function","1121-feel-years-and-months-duration-function-test-01","005_d0a077da4e","SUCCESS",""
"compliance-level-3/1121-feel-years-and-months-duration-function","1121-feel-years-and-months-duration-function-test-01","006_f20de28d3f","SUCCESS",""
"compliance-level-3/1121-feel-years-and-months-duration-function","1121-feel-years-and-months-duration-function-test-01","007_0921c3d61a","SUCCESS",""
"compliance-level-3/1121-feel-years-and-months-duration-function","1121-feel-years-and-months-duration-function-test-01","008_015d35b442","SUCCESS",""
"compliance-level-3/1121-feel-years-and-months-duration-function","1121-feel-years-and-months-duration-function-test-01","009_635028a5d8","SUCCESS",""
"compliance-level-3/1121-feel-years-and-months-duration-function","1121-feel-years-and-months-duration-function-test-01","010_caaa2e5002","SUCCESS",""
"compliance-level-3/1121-feel-years-and-months-duration-function","1121-feel-years-and-months-duration-function-test-01","011_3fac022eb0","SUCCESS",""
"compliance-level-3/1121-feel-years-and-months-duration-function","1121-feel-years-and-months-duration-function-test-01","012_331ef38ce0","SUCCESS",""
"compliance-level-3/1121-feel-years-and-months-duration-function","1121-feel-years-and-months-duration-function-test-01","013_2f3cc46d9d","SUCCESS",""
"compliance-level-3/1121-feel-years-and-months-duration-function","1121-feel-years-and-months-duration-function-test-01","014_1fadbba7cd","SUCCESS",""
"compliance-level-3/1121-feel-years-and-months-duration-function","1121-feel-years-and-months-duration-function-test-01","015_0e496f94fc","SUCCESS",""
"compliance-level-3/1121-feel-years-and-months-duration-function","1121-feel-years-and-months-duration-function-test-01","016_b38662aa93","SUCCESS",""
"compliance-level-3/1121-feel-years-and-months-duration-function","1121-feel-years-and-months-duration-function-test-01","017_86744b9a54","SUCCESS",""
"compliance-level-3/1121-feel-years-and-months-duration-function","1121-feel-years-and-months-duration-function-test-01","018_8a9ed1d66d","SUCCESS",""
"compliance-level-3/1121-feel-years-and-months-duration-function","1121-feel-years-and-months-duration-function-test-01","019_90c2084588","SUCCESS",""
"compliance-level-3/1121-feel-years-and-months-duration-function","1121-feel-years-and-months-duration-function-test-01","020_8ead9a0377","SUCCESS",""
"compliance-level-3/1121-feel-years-and-months-duration-function","1121-feel-years-and-months-duration-function-test-01","021_8a7d311ae9","SUCCESS",""
"compliance-level-3/1121-feel-years-and-months-duration-function","1121-feel-years-and-months-duration-function-test-01","022_87e369773b","SUCCESS",""
"compliance-level-3/1121-feel-years-and-months-duration-function","1121-feel-years-and-months-duration-function-test-01","023_6385c7a83e","SUCCESS",""
"compliance-level-3/1121-feel-years-and-months-duration-function","1121-feel-years-and-months-duration-function-test-01","024_e96d1bd93a","SUCCESS",""
"compliance-level-3/1121-feel-years-and-months-duration-function","1121-feel-years-and-months-duration-function-test-01","025_161f6fca54","SUCCESS",""
"compliance-level-3/1121-feel-years-and-months-duration-function","1121-feel-years-and-months-duration-function-test-01","026_fcc906b375","SUCCESS",""
"compliance-level-3/1121-feel-years-and-months-duration-function","1121-feel-years-and-months-duration-function-test-01","027_3374dd86c6","SUCCESS",""
"compliance-level-3/1121-feel-years-and-months-duration-function","1121-feel-years-and-months-duration-function-test-01","028_77600e7b35","SUCCESS",""
"compliance-level-3/1121-feel-years-and-months-duration-function","1121-feel-years-and-months-duration-function-test-01","029_15a0d0d9c1","SUCCESS",""
"compliance-level-3/1121-feel-years-and-months-duration-function","1121-feel-years-and-months-duration-function-test-01","030_ec16878596","SUCCESS",""
"compliance-level-3/1121-feel-years-and-months-duration-function","1121-feel-years-and-months-duration-function-test-01","031_4fd9c09d89","SUCCESS",""
"compliance-level-3/1121-feel-years-and-months-duration-function","1121-feel-years-and-months-duration-function-test-01","032_2a09ac80d0","SUCCESS",""
"compliance-level-3/1121-feel-years-and-months-duration-function","1121-feel-years-and-months-duration-function-test-01","033_7333eca866","SUCCESS",""
"compliance-level-3/1121-feel-years-and-months-duration-function","1121-feel-years-and-months-duration-function-test-01","034_c2cc06724c","SUCCESS",""
"compliance-level-3/1121-feel-years-and-months-duration-function","1121-feel-years-and-months-duration-function-test-01","035_dc05f9555d","SUCCESS",""
"compliance-level-3/1121-feel-years-and-months-duration-function","1121-feel-years-and-months-duration-function-test-01","036_f8c8b02ba3","SUCCESS",""
"compliance-level-3/1130-feel-interval","1130-feel-interval-test-01","after","IGNORED",""
"compliance-level-3/1130-feel-interval","1130-feel-interval-test-01","before","IGNORED",""
"compliance-level-3/1130-feel-interval","1130-feel-interval-test-01","coincides","IGNORED",""
"compliance-level-3/1130-feel-interval","1130-feel-interval-test-01","during","IGNORED",""
"compliance-level-3/1130-feel-interval","1130-feel-interval-test-01","finished by","IGNORED",""
"compliance-level-3/1130-feel-interval","1130-feel-interval-test-01","finishes","IGNORED",""
"compliance-level-3/1130-feel-interval","1130-feel-interval-test-01","includes","IGNORED",""
"compliance-level-3/1130-feel-interval","1130-feel-interval-test-01","met by","IGNORED",""
"compliance-level-3/1130-feel-interval","1130-feel-interval-test-01","mmets","IGNORED",""
"compliance-level-3/1130-feel-interval","1130-feel-interval-test-01","overlaps","IGNORED",""
"compliance-level-3/1130-feel-interval","1130-feel-interval-test-01","overlaps after","IGNORED",""
"compliance-level-3/1130-feel-interval","1130-feel-interval-test-01","overlaps before","IGNORED",""
"compliance-level-3/1130-feel-interval","1130-feel-interval-test-01","started by","IGNORED",""
"compliance-level-3/1130-feel-interval","1130-feel-interval-test-01","starts","IGNORED",""
